1;95;0;0;4457,97;40465,12;True;;;;;02.04.2020;;;;;;;;30.12.1899;
1;92;0;0;122,09;984,59;True;;;;;10.10.2018;;;;;;;;30.12.1899;
1;50;0;0;40;1400;True;;;;;17.11.2017;;;;;;;;30.12.1899;
2;60;0;0;47494,85;1925768,9;True;;;;;11.04.2019;;;;;;;;30.12.1899;
3;22;0;0;5;80;True;;;;;12.09.2017;;;;;;;;30.12.1899;
5;22;0;0;42462,23;65166,22;True;;;;;28.02.2020;;;;;;;;30.12.1899;
5;95;0;0;545,81;2644,69;True;;;;;16.07.2019;;;;;;;;30.12.1899;
7;95;0;0;5020,06;217068,61;True;;;;;14.09.2020;;;;;;;;30.12.1899;
7;60;0;0;26739,18;1085028,63;True;;;;;15.01.2021;;;;;;;;30.12.1899;
7;92;0;0;1375,1;53148,78;True;;;;;12.12.2020;;;;;;;;30.12.1899;
6;22;160;160;115164,31;138106,58;True;;;;;18.01.2021;;;;;;;;30.12.1899;
8;22;0;0;55383,57;91337,45;True;;;;;29.12.2020;;;;;;;;30.12.1899;
11;22;0;0;626,87;2367,02;True;;;;;24.04.2020;;;;;;;;30.12.1899;
18;22;0;0;20098,59;32843,04;True;;;;;13.02.2019;;;;;;;;30.12.1899;
6;92;30;30;58489,75;104388,08;True;;;;;18.01.2021;;;;;;;;30.12.1899;
19;22;0;0;60,5;968;True;;;;;03.10.2017;;;;;;;;30.12.1899;
10;22;65,62;65,62;28220,79;40630,49;True;;;;;18.01.2021;;;;;;;;30.12.1899;
4;92;0;0;562,38;2072,38;True;;;;;21.10.2020;;;;;;;;30.12.1899;
9;22;0;0;3824,64;5121,66;True;;;;;28.05.2019;;;;;;;;30.12.1899;
9;92;0;0;270;787,5;True;;;;;15.05.2019;;;;;;;;30.12.1899;
7;22;0;0;4773,47;88817,88;True;;;;;05.01.2021;;;;;;;;30.12.1899;
4;22;0;0;4195,31;7031,68;True;;;;;30.10.2020;;;;;;;;30.12.1899;
5;92;0;0;11424,2;20487,56;True;;;;;26.02.2020;;;;;;;;30.12.1899;
8;92;0;0;260;4067;True;;;;;30.07.2018;;;;;;;;30.12.1899;
2;92;0;0;250;8975;True;;;;;01.11.2017;;;;;;;;30.12.1899;
21;50;0;0;24277,22;157735,42;True;;;;;26.12.2020;;;;;;;;30.12.1899;
21;60;0;0;12380,55;290051,74;True;;;;;16.01.2021;;;;;;;;30.12.1899;
21;92;0;0;7036,55;241387,12;True;;;;;17.01.2021;;;;;;;;30.12.1899;
5;50;0;0;262;262;True;;;;;06.03.2019;;;;;;;;30.12.1899;
21;95;0;0;2422,48;88545,47;True;;;;;17.01.2021;;;;;;;;30.12.1899;
21;22;0;0;9720,74000000001;193340,52;True;;;;;15.01.2021;;;;;;;;30.12.1899;
7;50;0;0;2788,93;119542,93;True;;;;;11.12.2020;;;;;;;;30.12.1899;
20;60;0;0;2065,2;2065,2;True;;;;;27.02.2018;;;;;;;;30.12.1899;
2;22;0;0;100,98;1868,13;True;;;;;04.12.2017;;;;;;;;30.12.1899;
6;95;50;50;21720,51;21720,51;True;;;;;18.01.2021;;;;;;;;30.12.1899;
20;50;0;0;595,27;595,27;True;;;;;27.02.2018;;;;;;;;30.12.1899;
22;22;0;0;189873,99;190625,57;True;;;;;20.04.2020;;;;;;;;30.12.1899;
20;22;0;0;45;45;True;;;;;22.12.2017;;;;;;;;30.12.1899;
6;60;137,62;137,62;2961,45;2961,45;True;;;;;18.01.2021;;;;;;;;30.12.1899;
24;92;0;0;11771,35;11771,35;True;;;;;30.12.2020;;;;;;;;30.12.1899;
24;22;83,22;83,22;35158,33;35158,33;True;;;;;18.01.2021;;;;;;;;30.12.1899;
23;22;0;0;10109,52;10673,47;True;;;;;29.12.2020;;;;;;;;30.12.1899;
23;92;0;0;1031,09;1031,09;True;;;;;14.12.2020;;;;;;;;30.12.1899;
1;22;0;0;466,93;466,93;True;;;;;15.11.2019;;;;;;;;30.12.1899;
25;95;0;0;25;25;True;;;;;10.01.2019;;;;;;;;30.12.1899;
5;60;0;0;1641,45;1641,45;True;;;;;10.03.2020;;;;;;;;30.12.1899;
26;50;0;0;30850,28;30850,28;True;;;;;06.07.2018;;;;;;;;30.12.1899;
18;92;0;0;2481,87;2481,87;True;;;;;05.09.2018;;;;;;;;30.12.1899;
2;50;0;0;22120,79;909800,75;True;;;;;17.06.2019;;;;;;;;30.12.1899;
22;50;0;0;56120,19;56120,19;True;;;;;13.03.2019;;;;;;;;30.12.1899;
22;92;0;0;34590,11;31132,47;True;;;;;18.04.2020;;;;;;;;30.12.1899;
29;22;0;0;107,02;107,02;True;;;;;11.09.2018;;;;;;;;30.12.1899;
26;22;0;0;4224,41;4224,41;True;;;;;28.06.2019;;;;;;;;30.12.1899;
26;92;0;0;1935,69;1935,69;False;;;;;10.06.2019;;;;;100000;;;30.12.1899;
30;92;0;0;459,36;459,36;True;;;;;27.07.2018;;;;;;;;30.12.1899;
30;22;0;0;650,06;650,06;True;;;;;31.07.2018;;;;;;;;30.12.1899;
26;60;0;0;103,57;103,57;True;;;;;18.06.2018;;;;;;;;30.12.1899;
25;22;0;0;710,73;710,73;True;;;;;23.03.2019;;;;;;;;30.12.1899;
8;50;0;0;150;150;True;;;;;30.07.2018;;;;;;;;30.12.1899;
32;92;0;0;351,49;351,49;True;;;;;08.10.2018;;;;;;;;30.12.1899;
32;50;0;0;150;150;True;;;;;13.08.2018;;;;;;;;30.12.1899;
32;60;0;0;3579,61;3579,61;True;;;;;17.10.2018;;;;;;;;30.12.1899;
33;22;0;0;24,07;24,07;True;;;;;19.10.2018;;;;;;;;30.12.1899;
28;22;0;0;25156,58;27776,78;True;;;;;07.09.2020;;;;;;;;30.12.1899;
10;50;0;0;20;20;True;;;;;07.11.2018;;;;;;;;30.12.1899;
22;60;0;0;125661,18;125661,18;True;;;;;18.04.2020;;;;;;;;30.12.1899;
34;22;0;0;3769,83;3769,83;True;;;;;29.12.2020;;;;;;;;30.12.1899;
6;50;0;0;2012,56;2012,56;True;;;;;15.01.2021;;;;;;;;30.12.1899;
24;95;0;0;316,26;316,26;True;;;;;20.06.2019;;;;;;;;30.12.1899;
36;22;0;0;30;30;True;;;;;30.01.2019;;;;;;;;30.12.1899;
35;95;0;0;4412,84;4412,84;True;;;;;13.01.2021;;;;;;;;30.12.1899;
35;92;0;0;4418,95;4418,95;True;;;;;17.01.2021;;;;;;;;30.12.1899;
35;22;0;0;3749,49;3749,49;True;;;;;17.01.2021;;;;;;;;30.12.1899;
37;22;0;0;9044,05;9044,05;True;;;;;15.05.2019;;;;;;;;30.12.1899;
37;92;0;0;658,59;658,59;True;;;;;12.05.2019;;;;;;;;30.12.1899;
37;95;0;0;15;15;True;;;;;22.02.2019;;;;;;;;30.12.1899;
38;95;0;0;170;170;True;;;;;21.02.2019;;;;;;;;30.12.1899;
39;50;0;0;819,07;819,07;True;;;;;25.03.2019;;;;;;;;30.12.1899;
39;60;0;0;15130,02;15130,02;True;;;;;16.07.2019;;;;;;;;30.12.1899;
3;92;0;0;642,02;26358,84;True;;;;;16.01.2021;;;;;;;;30.12.1899;
40;22;113,94;113,94;28783,93;28783,93;True;;;;;18.01.2021;;;;;;;;30.12.1899;
40;60;0;0;2017,97;2017,97;True;;;;;19.04.2019;;;;;;;;30.12.1899;
34;92;0;0;136,85;136,85;True;;;;;15.03.2019;;;;;;;;30.12.1899;
40;92;0;0;187,6;187,6;True;;;;;12.04.2020;;;;;;;;30.12.1899;
40;50;0;0;180,25;180,25;True;;;;;11.03.2019;;;;;;;;30.12.1899;
41;60;0;0;1140;1140;True;;;;;24.10.2019;;;;;;;;30.12.1899;
42;22;0;0;19,06;19,06;True;;;;;22.03.2019;;;;;;;;30.12.1899;
41;50;0;0;12136,78;12136,78;True;;;;;17.04.2020;;;;;;;;30.12.1899;
40;95;0;0;20;20;True;;;;;01.04.2019;;;;;;;;30.12.1899;
39;92;0;0;120;120;True;;;;;29.06.2019;;;;;;;;30.12.1899;
35;60;0;0;1782,3;1782,3;True;;;;;17.01.2021;;;;;;;;30.12.1899;
44;60;0;0;17515,85;17515,85;True;;;;;22.10.2019;;;;;;;;30.12.1899;
44;50;0;0;22892,77;22892,77;True;;;;;22.10.2019;;;;;;;;30.12.1899;
23;95;0;0;25;25;True;;;;;20.07.2019;;;;;;;;30.12.1899;
46;60;0;0;76374,7899999999;76374,79;True;;;;;18.01.2021;;;;;;;;30.12.1899;
45;22;0;0;240,11;240,11;True;;;;;17.10.2019;;;;;;;;30.12.1899;
46;95;0;0;334,1;334,1;True;;;;;05.09.2020;;;;;;;;30.12.1899;
45;92;0;0;357;357;True;;;;;04.10.2019;;;;;;;;30.12.1899;
45;95;0;0;68,75;68,75;True;;;;;25.09.2019;;;;;;;;30.12.1899;
47;22;0;0;19770,82;19770,82;True;;;;;14.09.2020;;;;;;;;30.12.1899;
47;92;0;0;2482,8;2482,8;True;;;;;10.09.2020;;;;;;;;30.12.1899;
47;95;0;0;60;60;True;;;;;15.08.2020;;;;;;;;30.12.1899;
46;22;0;0;10493,17;10493,17;True;;;;;13.03.2020;;;;;;;;30.12.1899;
49;92;0;0;594,74;594,74;True;;;;;11.06.2020;;;;;;;;30.12.1899;
46;92;0;0;15136;226,5;True;;;;;21.11.2020;;;;;;;;30.12.1899;
46;50;0;0;934,54;934,54;True;;;;;06.10.2020;;;;;;;;30.12.1899;
28;95;0;0;33,19;1010,92;True;;;;;11.07.2020;;;;;;;;30.12.1899;
49;50;0;0;622,72;622,72;True;;;;;31.01.2020;;;;;;;;30.12.1899;
49;60;0;0;9896,7;9896,7;True;;;;;29.05.2020;;;;;;;;30.12.1899;
48;92;0;0;69,9;69,9;True;;;;;11.12.2019;;;;;;;;30.12.1899;
51;92;15;15;5519,73;7569,73;True;;;;;18.01.2021;;;;;;;;30.12.1899;
50;92;0;0;175;175;True;;;;;29.07.2020;;;;;;;;30.12.1899;
50;22;0;0;2565,42;2565,42;True;;;;;06.01.2021;;;;;;;;30.12.1899;
51;95;0;0;1915,23;1915,23;True;;;;;12.11.2020;;;;;;;;30.12.1899;
52;22;0;0;4280,12;4280,12;True;;;;;15.01.2021;;;;;;;;30.12.1899;
53;50;0;0;28911,44;28911,44;True;;;;;22.02.2020;;;;;;;;30.12.1899;
53;95;0;0;890,78;890,78;True;;;;;31.12.2019;;;;;;;;30.12.1899;
53;60;0;0;1871,99;1871,99;True;;;;;08.02.2020;;;;;;;;30.12.1899;
54;60;0;0;15202;15202;True;;;;;01.02.2020;;;;;;;;30.12.1899;
54;50;0;0;20;20;True;;;;;10.12.2019;;;;;;;;30.12.1899;
54;92;0;0;2740;2740;True;;;;;26.12.2019;;;;;;;;30.12.1899;
55;22;0;0;783,77;783,77;True;;;;;03.09.2020;;;;;;;;30.12.1899;
57;60;0;0;60661,22;590858,72;True;;;;;19.11.2020;;;;;;;;30.12.1899;
57;92;0;0;6094,26;143588,14;True;;;;;23.11.2020;;;;;;;;30.12.1899;
58;92;0;0;2390;2390;True;;;;;23.06.2020;;;;;;;;30.12.1899;
59;22;0;0;1320,86;1320,86;True;;;;;26.11.2020;;;;;;;;30.12.1899;
61;22;50,28;50,28;13594,26;13594,26;True;;;;;19.01.2021;;;;;;;;30.12.1899;
58;50;0;0;100;4600;True;;;;;29.01.2020;;;;;;;;30.12.1899;
62;22;0;0;3735,41;3735,41;True;;;;;31.07.2020;;;;;;;;30.12.1899;
64;22;0;0;554,04;554,04;True;;;;;14.09.2020;;;;;;;;30.12.1899;
64;60;0;0;1120;1120;True;;;;;05.09.2020;;;;;;;;30.12.1899;
64;92;0;0;1520;1520;True;;;;;05.09.2020;;;;;;;;30.12.1899;
65;22;0;0;3364,21;3364,21;True;;;;;04.08.2020;;;;;;;;30.12.1899;
38;92;0;0;170;170;True;;;;;04.03.2020;;;;;;;;30.12.1899;
12;22;0;0;906,39;906,39;True;;;;;09.10.2020;;;;;;;;30.12.1899;
66;60;0;0;92,1;92,1;True;;;;;19.03.2020;;;;;;;;30.12.1899;
57;50;0;0;1115;27885;True;;;;;04.12.2020;;;;;;;;30.12.1899;
68;22;44,97;44,97;12845,75;12845,75;True;;;;;18.01.2021;;;;;;;;30.12.1899;
51;60;0;0;10;10;True;;;;;23.04.2020;;;;;;;;30.12.1899;
69;22;0;0;835,39;835,39;True;;;;;04.10.2020;;;;;;;;30.12.1899;
66;95;0;0;1783,74;1783,74;True;;;;;26.12.2020;;;;;;;;30.12.1899;
69;92;0;0;410,85;410,85;True;;;;;12.09.2020;;;;;;;;30.12.1899;
71;22;0;0;1367,84;1367,84;True;;;;;14.01.2021;;;;;;;;30.12.1899;
71;92;0;0;505;505;True;;;;;17.01.2021;;;;;;;;30.12.1899;
72;92;0;0;1053,61;1053,61;True;;;;;23.12.2020;;;;;;;;30.12.1899;
72;22;0;0;612,1;612,1;True;;;;;24.11.2020;;;;;;;;30.12.1899;
58;22;0;0;27;27;True;;;;;10.07.2020;;;;;;;;30.12.1899;
73;92;0;0;2424,63;2424,63;True;;;;;17.01.2021;;;;;;;;30.12.1899;
66;50;0;0;251,06;251,06;True;;;;;21.09.2020;;;;;;;;30.12.1899;
73;22;85,2;85,2;19621,85;19621,85;True;;;;;18.01.2021;;;;;;;;30.12.1899;
73;50;0;0;20;20;True;;;;;21.07.2020;;;;;;;;30.12.1899;
73;60;0;0;820,18;820,18;True;;;;;12.01.2021;;;;;;;;30.12.1899;
74;22;0;0;1018,9;1018,9;True;;;;;11.01.2021;;;;;;;;30.12.1899;
57;22;0;0;614,51;14537,48;True;;;;;22.11.2020;;;;;;;;30.12.1899;
57;95;0;0;332,43;13316,21;True;;;;;14.11.2020;;;;;;;;30.12.1899;
28;92;0;0;4771,84;6625,45;True;;;;;07.09.2020;;;;;;;;30.12.1899;
72;95;0;0;50;50;True;;;;;07.08.2020;;;;;;;;30.12.1899;
76;95;0;0;50;50;True;;;;;07.09.2020;;;;;;;;30.12.1899;
60;95;0;0;29,87;29,87;True;;;;;07.09.2020;;;;;;;;30.12.1899;
75;95;0;0;30;1365;True;;;;;16.10.2020;;;;;;;;30.12.1899;
66;92;0;0;180;180;True;;;;;11.01.2021;;;;;;;;30.12.1899;
78;50;0;0;4478,16;4478,16;True;;;;;15.11.2020;;;;;;;;30.12.1899;
51;50;0;0;350,57;350,57;True;;;;;11.01.2021;;;;;;;;30.12.1899;
79;22;0;0;74,51;74,51;True;;;;;23.11.2020;;;;;;;;30.12.1899;
68;60;0;0;175,06;175,06;True;;;;;15.12.2020;;;;;;;;30.12.1899;
80;92;0;0;2357,48;3997,48;True;;;;;12.01.2021;;;;;;;;30.12.1899;
81;92;0;0;90;3780;True;;;;;12.01.2021;;;;;;;;30.12.1899;
82;22;51,1;51,1;51,1;51,1;True;;;;;18.01.2021;;;;;;;;30.12.1899;
