1280;95;5;17.01.2021 7:32:50;18.01.2021 7:30:17;62388,18;62432,15;43,97;0
1280;95;6;17.01.2021 7:32:50;18.01.2021 7:30:17;13536,62;13563,34;26,72;0
1280;95;7;17.01.2021 7:32:50;18.01.2021 7:30:17;227761,98;227971,35;209,37;0
1280;95;8;17.01.2021 7:32:50;18.01.2021 7:30:17;118175,47;118281,88;106,41;0
1280;92;5;17.01.2021 7:32:50;18.01.2021 7:30:17;301205,16;301504,97;299,81;0
1280;92;6;17.01.2021 7:32:50;18.01.2021 7:30:17;53629,22;53680,18;50,96;0
1280;92;7;17.01.2021 7:32:50;18.01.2021 7:30:17;1141608,86;1142572,6;963,74;0
1280;92;8;17.01.2021 7:32:50;18.01.2021 7:30:17;413204,65;413586,99;382,34;0
1280;92;9;17.01.2021 7:32:50;18.01.2021 7:30:17;58270,98;58353,36;82,38;0
1280;92;10;17.01.2021 7:32:50;18.01.2021 7:30:17;161701,81;161896,4;194,59;0
1280;60;7;17.01.2021 7:32:50;18.01.2021 7:30:17;53937,29;53937,29;0;0
1280;60;8;17.01.2021 7:32:50;18.01.2021 7:30:17;160114,7;160146,85;32,15;0
1280;60;9;17.01.2021 7:32:50;18.01.2021 7:30:17;257043,33;257423,59;380,26;0
1280;60;10;17.01.2021 7:32:50;18.01.2021 7:30:17;230359,78;230359,78;0;0
1280;50;5;17.01.2021 7:32:50;18.01.2021 7:30:17;176477,29;176477,29;0;0
1280;50;6;17.01.2021 7:32:50;18.01.2021 7:30:17;203846,72;203846,72;0;0
1280;22;1;17.01.2021 7:32:50;18.01.2021 7:30:17;405425,37;405477,74;52,37;0
1280;22;2;17.01.2021 7:32:50;18.01.2021 7:30:17;305972,25;305972,27;0,02;0
1280;22;3;17.01.2021 7:32:50;18.01.2021 7:30:17;1588465,56;1589379,51;913,95;0
1280;22;4;17.01.2021 7:32:50;18.01.2021 7:30:17;574412;574560,82;148,82;0
