1280;22;1;17.01.2021 7:32:50;18.01.2021 7:30:17;0;0,02;0,48;0,01;0,54
1280;22;5;17.01.2021 7:32:50;18.01.2021 7:30:17;0;860,33;19538,05;464,58;0,54
1280;22;8;17.01.2021 7:32:50;18.01.2021 7:30:17;1;130,91;130,91;70,69;0,54
1280;22;12;17.01.2021 7:32:50;18.01.2021 7:30:17;1;123,9;2872,01;66,91;0,54
1280;60;5;17.01.2021 7:32:50;18.01.2021 7:30:17;0;59,21;2440,28;49,74;0,84
1280;60;8;17.01.2021 7:32:50;18.01.2021 7:30:17;1;353,2;353,2;296,69;0,84
1280;92;1;17.01.2021 7:32:50;18.01.2021 7:30:17;0;30,96;1300,06;22,91;0,74
1280;92;2;17.01.2021 7:32:50;18.01.2021 7:30:17;1;30,98;1300,34;22,93;0,74
1280;92;3;17.01.2021 7:32:50;18.01.2021 7:30:17;1;12;504;8,88;0,74
1280;92;5;17.01.2021 7:32:50;18.01.2021 7:30:17;0;434,36;17876,33;321,43;0,74
1280;92;6;17.01.2021 7:32:50;18.01.2021 7:30:17;0;4,77;200,34;3,53;0,74
1280;92;7;17.01.2021 7:32:50;18.01.2021 7:30:17;0;573,41;23601,6;424,32;0,74
1280;92;8;17.01.2021 7:32:50;18.01.2021 7:30:17;1;92,62;92,62;68,54;0,74
1280;92;12;17.01.2021 7:32:50;18.01.2021 7:30:17;1;794,72;33043,26;588,09;0,74
1280;95;3;17.01.2021 7:32:50;18.01.2021 7:30:17;1;15;682,5;11,1;0,74
1280;95;5;17.01.2021 7:32:50;18.01.2021 7:30:17;0;101,86;4541,18;75,38;0,74
1280;95;7;17.01.2021 7:32:50;18.01.2021 7:30:17;0;182,45;8135,45;135,01;0,74
1280;95;12;17.01.2021 7:32:50;18.01.2021 7:30:17;1;87,16;3926,56;64,5;0,74
