1;22;0;0;36659,46;104582,09;True;;;;;20.01.2021;;;;;;;;30.12.1899;
4;22;0;0;16310,1;234926,82;True;;;;;13.04.2020;;;;;;;;30.12.1899;
2;22;0;0;19175,61;59624,32;True;;;;;07.11.2018;;;;;;;;30.12.1899;
3;22;0;0;99553,7799999999;243630,04;True;;;;;20.01.2021;;;;;;;;30.12.1899;
5;22;0;0;6496,87;133468,07;True;;;;;05.11.2020;;;;;;;;30.12.1899;
2;92;0;0;90,99;2420,44;True;;;;;04.06.2018;;;;;;;;30.12.1899;
2;60;0;0;40;1532;True;;;;;13.09.2017;;;;;;;;30.12.1899;
6;92;0;0;440,39;2051,84;True;;;;;05.12.2020;;;;;;;;30.12.1899;
4;92;0;0;164,8;164,8;True;;;;;28.04.2020;;;;;;;;30.12.1899;
8;22;0;0;5646,09;5646,09;True;;;;;23.01.2019;;;;;;;;30.12.1899;
9;22;0;0;1543,76;3330,76;True;;;;;01.09.2018;;;;;;;;30.12.1899;
5;92;0;0;1995,04;79892,93;True;;;;;29.12.2020;;;;;;;;30.12.1899;
10;22;0;0;70518,88;85507,24;True;;;;;20.01.2021;;;;;;;;30.12.1899;
10;92;0;0;19519,06;20931,06;True;;;;;14.01.2021;;;;;;;;30.12.1899;
11;92;0;0;75;75;True;;;;;05.06.2020;;;;;;;;30.12.1899;
12;22;0;0;97180,2700000001;114889,75;True;;;;;24.12.2020;;;;;;;;30.12.1899;
12;92;0;0;10176,65;20214,99;True;;;;;21.12.2020;;;;;;;;30.12.1899;
11;22;0;0;391,1;391,1;True;;;;;14.08.2020;;;;;;;;30.12.1899;
12;60;0;0;48,16;48,16;True;;;;;16.01.2018;;;;;;;;30.12.1899;
6;22;0;0;520,06;520,06;True;;;;;19.12.2020;;;;;;;;30.12.1899;
12;95;0;0;38,1;38,1;True;;;;;06.09.2018;;;;;;;;30.12.1899;
13;60;0;0;52,53;52,53;True;;;;;27.02.2018;;;;;;;;30.12.1899;
14;60;0;0;279,31;279,31;True;;;;;13.04.2019;;;;;;;;30.12.1899;
14;92;0;0;8653,33;8653,33;True;;;;;13.01.2021;;;;;;;;30.12.1899;
10;60;0;0;70,02;70,02;True;;;;;14.03.2018;;;;;;;;30.12.1899;
15;22;0;0;2591,04;2591,04;True;;;;;17.12.2019;;;;;;;;30.12.1899;
15;92;0;0;408,14;408,14;True;;;;;25.09.2019;;;;;;;;30.12.1899;
16;22;0;0;442,79;442,79;True;;;;;28.05.2018;;;;;;;;30.12.1899;
18;22;0;0;3167,94;3167,94;True;;;;;16.03.2019;;;;;;;;30.12.1899;
18;92;0;0;1027,78;1027,78;True;;;;;14.03.2019;;;;;;;;30.12.1899;
18;95;0;0;420,17;420,17;True;;;;;13.07.2018;;;;;;;;30.12.1899;
20;22;0;0;12119,58;12119,58;True;;;;;14.01.2021;;;;;;;;30.12.1899;
21;22;0;0;878,54;878,54;True;;;;;16.09.2018;;;;;;;;30.12.1899;
20;92;0;0;1000;1000;True;;;;;14.01.2021;;;;;;;;30.12.1899;
21;92;0;0;5;5;True;;;;;17.08.2018;;;;;;;;30.12.1899;
22;92;0;0;5232,5;5232,5;True;;;;;14.03.2020;;;;;;;;30.12.1899;
3;92;0;0;94,42;94,42;True;;;;;28.11.2020;;;;;;;;30.12.1899;
22;22;0;0;508,37;508,37;True;;;;;24.11.2020;;;;;;;;30.12.1899;
23;22;0;0;72,59;72,59;True;;;;;16.11.2018;;;;;;;;30.12.1899;
24;22;0;0;2005,7;2005,7;True;;;;;18.01.2021;;;;;;;;30.12.1899;
14;95;0;0;1141,04;1141,04;True;;;;;08.01.2021;;;;;;;;30.12.1899;
25;22;0;0;13999,45;13999,45;True;;;;;20.01.2021;;;;;;;;30.12.1899;
25;95;0;0;189,72;189,72;True;;;;;23.12.2020;;;;;;;;30.12.1899;
25;60;0;0;108,22;108,22;True;;;;;20.03.2019;;;;;;;;30.12.1899;
25;92;0;0;160;160;True;;;;;04.07.2020;;;;;;;;30.12.1899;
25;50;0;0;224,73;224,73;True;;;;;21.04.2019;;;;;;;;30.12.1899;
14;50;0;0;367,47;367,47;True;;;;;16.09.2020;;;;;;;;30.12.1899;
26;92;0;0;145,51;145,51;True;;;;;13.10.2020;;;;;;;;30.12.1899;
27;92;0;0;77,67;1873,17;True;;;;;28.08.2019;;;;;;;;30.12.1899;
28;22;0;0;83,99;83,99;True;;;;;19.08.2019;;;;;;;;30.12.1899;
26;95;0;0;146,78;146,78;True;;;;;08.10.2020;;;;;;;;30.12.1899;
11;95;0;0;15;15;True;;;;;23.08.2019;;;;;;;;30.12.1899;
29;50;0;0;1133,29;1133,29;True;;;;;05.02.2020;;;;;;;;30.12.1899;
29;60;0;0;1326,83;1326,83;True;;;;;21.02.2020;;;;;;;;30.12.1899;
22;95;0;0;20;20;True;;;;;28.11.2019;;;;;;;;30.12.1899;
29;95;0;0;15;15;True;;;;;05.12.2019;;;;;;;;30.12.1899;
33;92;0;0;80;80;True;;;;;07.09.2020;;;;;;;;30.12.1899;
34;22;0;0;200,28;200,28;True;;;;;30.03.2020;;;;;;;;30.12.1899;
6;95;0;0;106,29;106,29;True;;;;;24.12.2020;;;;;;;;30.12.1899;
40;92;0;0;109,63;109,63;True;;;;;25.10.2020;;;;;;;;30.12.1899;
41;22;0;0;2373;2373;True;;;;;19.01.2021;;;;;;;;30.12.1899;
40;22;0;0;840,89;840,89;True;;;;;29.12.2020;;;;;;;;30.12.1899;
34;92;0;0;189;189;True;;;;;28.10.2020;;;;;;;;30.12.1899;
35;22;0;0;68,76;68,76;True;;;;;11.10.2020;;;;;;;;30.12.1899;
36;22;0;0;1272,81;1272,81;True;;;;;29.12.2020;;;;;;;;30.12.1899;
43;22;0;0;728,23;17633,98;True;;;;;18.12.2020;;;;;;;;30.12.1899;
26;22;0;0;71,47;71,47;True;;;;;03.11.2020;;;;;;;;30.12.1899;
42;60;0;0;179,47;179,47;True;;;;;29.12.2020;;;;;;;;30.12.1899;
43;92;0;0;20;840;True;;;;;30.11.2020;;;;;;;;30.12.1899;
32;22;0;0;20;20;True;;;;;15.01.2021;;;;;;;;30.12.1899;
