1269;95;3;17.01.2021 7:46:28;18.01.2021 7:35:12;154913,39;154991,61;78,22;0
1269;95;4;17.01.2021 7:46:28;18.01.2021 7:35:12;252704,44;252704,44;0;0
1269;92;3;17.01.2021 7:46:28;18.01.2021 7:35:12;324837,79;325052,37;214,58;0
1269;92;4;17.01.2021 7:46:28;18.01.2021 7:35:12;876277,7;877073,8;796,1;0
1269;92;5;17.01.2021 7:46:28;18.01.2021 7:35:12;159887,25;160000,34;113,09;0
1269;92;6;17.01.2021 7:46:28;18.01.2021 7:35:12;261068,48;261177,23;108,75;0
1269;60;3;17.01.2021 7:46:28;18.01.2021 7:35:12;29280,55;29280,55;0;0
1269;60;4;17.01.2021 7:46:28;18.01.2021 7:35:12;26174,78;26199,8;25,02;0
1269;60;5;17.01.2021 7:46:28;18.01.2021 7:35:12;101507,87;101532,87;25;0
1269;60;6;17.01.2021 7:46:28;18.01.2021 7:35:12;63638,06;63638,06;0;0
1269;50;3;17.01.2021 7:46:28;18.01.2021 7:35:12;81563,9;81575,01;11,11;0
1269;50;4;17.01.2021 7:46:28;18.01.2021 7:35:12;57351,43;57373,65;22,22;0
1269;22;1;17.01.2021 7:46:28;18.01.2021 7:35:12;1024455,77;1024919,94;464,17;0
1269;22;2;17.01.2021 7:46:28;18.01.2021 7:35:12;1666248,57;1667314,94;1066,37;0
1269;22;7;17.01.2021 7:46:28;18.01.2021 7:35:12;150704,8;150756,02;51,22;0
