1271;95;3;19.01.2021 7:51:07;20.01.2021 7:45:29;155238;155516,73;278,73;0
1271;95;4;19.01.2021 7:51:07;20.01.2021 7:45:29;252704,44;252726,17;21,73;0
1271;92;3;19.01.2021 7:51:07;20.01.2021 7:45:29;325323,73;325490,6;166,87;0
1271;92;4;19.01.2021 7:51:07;20.01.2021 7:45:29;877767,52;878590,34;822,82;0
1271;92;5;19.01.2021 7:51:07;20.01.2021 7:45:29;160112,6;160200,06;87,46;0
1271;92;6;19.01.2021 7:51:07;20.01.2021 7:45:29;261640,78;261791,64;150,86;0
1271;60;3;19.01.2021 7:51:07;20.01.2021 7:45:29;29280,55;29280,55;0;0
1271;60;4;19.01.2021 7:51:07;20.01.2021 7:45:29;26212,33;26237,35;25,02;0
1271;60;5;19.01.2021 7:51:07;20.01.2021 7:45:29;101545,4;101640,4;95;0
1271;60;6;19.01.2021 7:51:07;20.01.2021 7:45:29;63638,06;63638,06;0;0
1271;50;3;19.01.2021 7:51:07;20.01.2021 7:45:29;81588,63;81688,63;100;0
1271;50;4;19.01.2021 7:51:07;20.01.2021 7:45:29;57445,58;57445,58;0;0
1271;22;1;19.01.2021 7:51:07;20.01.2021 7:45:29;1025324,38;1025728,37;403,99;0
1271;22;2;19.01.2021 7:51:07;20.01.2021 7:45:29;1668775,02;1670336,61;1561,59;0
1271;22;7;19.01.2021 7:51:07;20.01.2021 7:45:29;150756,02;150791,02;35;0
