1270;95;3;18.01.2021 7:35:44;19.01.2021 7:50:37;154991,61;155238;246,39;0
1270;95;4;18.01.2021 7:35:44;19.01.2021 7:50:37;252704,44;252704,44;0;0
1270;92;3;18.01.2021 7:35:44;19.01.2021 7:50:37;325052,37;325323,73;271,36;0
1270;92;4;18.01.2021 7:35:44;19.01.2021 7:50:37;877073,8;877767,52;693,72;0
1270;92;5;18.01.2021 7:35:44;19.01.2021 7:50:37;160000,34;160112,6;112,26;0
1270;92;6;18.01.2021 7:35:44;19.01.2021 7:50:37;261177,23;261640,78;463,55;0
1270;60;3;18.01.2021 7:35:44;19.01.2021 7:50:37;29280,55;29280,55;0;0
1270;60;4;18.01.2021 7:35:44;19.01.2021 7:50:37;26199,8;26212,33;12,53;0
1270;60;5;18.01.2021 7:35:44;19.01.2021 7:50:37;101532,87;101545,4;12,53;0
1270;60;6;18.01.2021 7:35:44;19.01.2021 7:50:37;63638,06;63638,06;0;0
1270;50;3;18.01.2021 7:35:44;19.01.2021 7:50:37;81575,01;81588,63;13,62;0
1270;50;4;18.01.2021 7:35:44;19.01.2021 7:50:37;57373,65;57445,58;71,93;0
1270;22;1;18.01.2021 7:35:44;19.01.2021 7:50:37;1024919,94;1025324,38;404,44;0
1270;22;2;18.01.2021 7:35:44;19.01.2021 7:50:37;1667314,94;1668775,02;1460,08;0
1270;22;7;18.01.2021 7:35:44;19.01.2021 7:50:37;150756,02;150756,02;0;0
