1272;95;3;20.01.2021 7:45:50;21.01.2021 7:34:51;155516,73;155831,44;314,71;0
1272;95;4;20.01.2021 7:45:50;21.01.2021 7:34:51;252726,17;252737,39;11,22;0
1272;92;3;20.01.2021 7:45:50;21.01.2021 7:34:51;325490,6;325731,54;240,94;0
1272;92;4;20.01.2021 7:45:50;21.01.2021 7:34:51;878590,34;879683,64;1093,3;0
1272;92;5;20.01.2021 7:45:50;21.01.2021 7:34:51;160200,06;160309,24;109,18;0
1272;92;6;20.01.2021 7:45:50;21.01.2021 7:34:51;261791,64;262100,76;309,12;0
1272;60;3;20.01.2021 7:45:50;21.01.2021 7:34:51;29280,55;29280,55;0;0
1272;60;4;20.01.2021 7:45:50;21.01.2021 7:34:51;26237,35;26237,35;0;0
1272;60;5;20.01.2021 7:45:50;21.01.2021 7:34:51;101640,4;101667,92;27,52;0
1272;60;6;20.01.2021 7:45:50;21.01.2021 7:34:51;63638,06;63688,08;50,02;0
1272;50;3;20.01.2021 7:45:50;21.01.2021 7:34:51;81688,63;81688,63;0;0
1272;50;4;20.01.2021 7:45:50;21.01.2021 7:34:51;57445,58;57445,58;0;0
1272;22;1;20.01.2021 7:45:50;21.01.2021 7:34:51;1025728,37;1026331,31;602,94;0
1272;22;2;20.01.2021 7:45:50;21.01.2021 7:34:51;1670336,61;1671700,72;1364,11;0
1272;22;7;20.01.2021 7:45:50;21.01.2021 7:34:51;150791,02;150894,06;103,04;0
