1272;22;1;20.01.2021 7:45:50;21.01.2021 7:34:51;0;295,3;7234,87;218,52;0,74
1272;22;2;20.01.2021 7:45:50;21.01.2021 7:34:51;1;308,01;7546,26;227,93;0,74
1272;22;5;20.01.2021 7:45:50;21.01.2021 7:34:51;0;771,96;18156,5;571,25;0,74
1272;22;6;20.01.2021 7:45:50;21.01.2021 7:34:51;0;14,28;349,86;10,57;0,74
1272;22;8;20.01.2021 7:45:50;21.01.2021 7:34:51;1;418,27;418,27;309,52;0,74
1272;22;11;20.01.2021 7:45:50;21.01.2021 7:34:51;1;204,34;5006,33;151,21;0,74
1272;22;12;20.01.2021 7:45:50;21.01.2021 7:34:51;1;57,93;1390,9;42,87;0,74
1272;60;2;20.01.2021 7:45:50;21.01.2021 7:34:51;1;15;600;11,1;0,74
1272;60;6;20.01.2021 7:45:50;21.01.2021 7:34:51;0;12,52;500,8;9,26;0,74
1272;60;7;20.01.2021 7:45:50;21.01.2021 7:34:51;0;50,02;1960,78;37,01;0,74
1272;92;1;20.01.2021 7:45:50;21.01.2021 7:34:51;0;39,76;1669,92;29,42;0,74
1272;92;2;20.01.2021 7:45:50;21.01.2021 7:34:51;1;370,21;15548,82;273,96;0,74
1272;92;5;20.01.2021 7:45:50;21.01.2021 7:34:51;0;108,53;4421,52;80,31;0,74
1272;92;6;20.01.2021 7:45:50;21.01.2021 7:34:51;0;681,16;28608,72;504,06;0,74
1272;92;7;20.01.2021 7:45:50;21.01.2021 7:34:51;0;455,17;18542,8;336,83;0,74
1272;92;12;20.01.2021 7:45:50;21.01.2021 7:34:51;1;97,71;4021,75;72,31;0,74
1272;95;1;20.01.2021 7:45:50;21.01.2021 7:34:51;0;78,23;3598,58;57,89;0,74
1272;95;2;20.01.2021 7:45:50;21.01.2021 7:34:51;1;80,45;3700,7;59,53;0,74
1272;95;5;20.01.2021 7:45:50;21.01.2021 7:34:51;0;50,83;2268,03;37,61;0,74
1272;95;6;20.01.2021 7:45:50;21.01.2021 7:34:51;0;21,73;999,58;16,08;0,74
1272;95;7;20.01.2021 7:45:50;21.01.2021 7:34:51;0;54,69;2439,37;40,47;0,74
1272;95;12;20.01.2021 7:45:50;21.01.2021 7:34:51;1;40;1803,2;29,6;0,74
