1269;22;1;17.01.2021 7:46:28;18.01.2021 7:35:12;0;241,08;5906,46;178,4;0,74
1269;22;2;17.01.2021 7:46:28;18.01.2021 7:35:12;1;585,79;14351,9;433,48;0,74
1269;22;5;17.01.2021 7:46:28;18.01.2021 7:35:12;0;681,24;16022,77;504,12;0,74
1269;22;8;17.01.2021 7:46:28;18.01.2021 7:35:12;1;52,83;52,83;39,09;0,74
1269;22;12;17.01.2021 7:46:28;18.01.2021 7:35:12;1;20,82;499,89;15,41;0,74
1269;50;2;17.01.2021 7:46:28;18.01.2021 7:35:12;1;11,11;499,95;8,22;0,74
1269;50;6;17.01.2021 7:46:28;18.01.2021 7:35:12;0;22,22;999,9;16,44;0,74
1269;60;6;17.01.2021 7:46:28;18.01.2021 7:35:12;0;50,02;2000,8;37,01;0,74
1269;92;1;17.01.2021 7:46:28;18.01.2021 7:35:12;0;73,88;3102,96;54,67;0,74
1269;92;2;17.01.2021 7:46:28;18.01.2021 7:35:12;1;349,01;14658,42;258,27;0,74
1269;92;5;17.01.2021 7:46:28;18.01.2021 7:35:12;0;48,59;1979,55;35,96;0,74
1269;92;6;17.01.2021 7:46:28;18.01.2021 7:35:12;0;424,43;17826,06;314,08;0,74
1269;92;7;17.01.2021 7:46:28;18.01.2021 7:35:12;0;297,32;12112,82;220,02;0,74
1269;92;12;17.01.2021 7:46:28;18.01.2021 7:35:12;1;39,29;1617,18;29,07;0,74
1269;95;2;17.01.2021 7:46:28;18.01.2021 7:35:12;1;24,39;1121,94;18,05;0,74
1269;95;6;17.01.2021 7:46:28;18.01.2021 7:35:12;0;10,86;499,56;8,04;0,74
1269;95;7;17.01.2021 7:46:28;18.01.2021 7:35:12;0;42,97;1917,32;31,8;0,74
