1271;22;1;19.01.2021 7:51:07;20.01.2021 7:45:29;0;475,71;11654,92;352,03;0,74
1271;22;2;19.01.2021 7:51:07;20.01.2021 7:45:29;1;287,15;7035,18;212,49;0,74
1271;22;5;19.01.2021 7:51:07;20.01.2021 7:45:29;0;1146,2;26958,65;848,19;0,74
1271;22;6;19.01.2021 7:51:07;20.01.2021 7:45:29;0;0,04;0,98;0,03;0,74
1271;22;8;19.01.2021 7:51:07;20.01.2021 7:45:29;1;54,41;54,41;40,26;0,74
1271;22;12;19.01.2021 7:51:07;20.01.2021 7:45:29;1;37,07;890,05;27,43;0,74
1271;50;2;19.01.2021 7:51:07;20.01.2021 7:45:29;1;100;4500;74;0,74
1271;60;1;19.01.2021 7:51:07;20.01.2021 7:45:29;0;100,02;4000;74,01;0,74
1271;60;2;19.01.2021 7:51:07;20.01.2021 7:45:29;1;20;800;14,8;0,74
1271;92;1;19.01.2021 7:51:07;20.01.2021 7:45:29;0;98,17;4123,14;72,65;0,74
1271;92;2;19.01.2021 7:51:07;20.01.2021 7:45:29;1;338,29;14208,18;250,33;0,74
1271;92;5;19.01.2021 7:51:07;20.01.2021 7:45:29;0;59,09;2407,33;43,73;0,74
1271;92;6;19.01.2021 7:51:07;20.01.2021 7:45:29;0;237,29;9966,18;175,59;0,74
1271;92;7;19.01.2021 7:51:07;20.01.2021 7:45:29;0;363,9;14825,28;269,29;0,74
1271;92;11;19.01.2021 7:51:07;20.01.2021 7:45:29;1;20;840;14,8;0,74
1271;92;12;19.01.2021 7:51:07;20.01.2021 7:45:29;1;111,27;4579,87;82,34;0,74
1271;95;1;19.01.2021 7:51:07;20.01.2021 7:45:29;0;47,82;2199,72;35,39;0,74
1271;95;2;19.01.2021 7:51:07;20.01.2021 7:45:29;1;154,53;7108,38;114,35;0,74
1271;95;6;19.01.2021 7:51:07;20.01.2021 7:45:29;0;43,45;1998,7;32,15;0,74
1271;95;7;19.01.2021 7:51:07;20.01.2021 7:45:29;0;54,66;2438,92;40,45;0,74
