1272;95;1;0;20.01.2021 7:45:50;21.01.2021 7:34:51;1580;;;1550;;;;;0;0;0
1272;95;1;1;20.01.2021 7:45:50;21.01.2021 7:34:51;14828;0;325,93;14347;14502,07;-155,07;0;0;0;;0
1272;92;2;0;20.01.2021 7:45:50;21.01.2021 7:34:51;1614;;;1502;;;;;0;0;0
1272;92;2;1;20.01.2021 7:45:50;21.01.2021 7:34:51;21453,6;0;1752,54;19759,2;19701,06;58,1399999999994;0;0;0;;0
1272;60;3;0;20.01.2021 7:45:50;21.01.2021 7:34:51;1201;;;1195;;;;;0;0;0
1272;60;3;1;20.01.2021 7:45:50;21.01.2021 7:34:51;15037,2;0;77,54;14930;14959,66;-29,6599999999999;0;0;0;;0
1272;50;4;0;20.01.2021 7:45:50;21.01.2021 7:34:51;1199;;;1198;;;;;0;0;0
1272;50;4;1;20.01.2021 7:45:50;21.01.2021 7:34:51;10323,4;0;0;10312,8;10323,4;-10,6000000000004;0;0;0;;0
1272;22;5;0;20.01.2021 7:45:50;21.01.2021 7:34:51;168,85;;;822,5;;;;;0;0;0
1272;22;5;1;20.01.2021 7:45:50;21.01.2021 7:34:51;3377;15143;2070,09;16450;16449,91;0,090000000000146;0;0;0;;0
