1271;95;1;0;19.01.2021 7:51:07;20.01.2021 7:45:29;1608;;;1580;;;;;0;0;0
1271;95;1;1;19.01.2021 7:51:07;20.01.2021 7:45:29;15225,4;0;300,46;14828;14924,94;-96,9400000000005;0;0;0;;0
1271;92;2;0;19.01.2021 7:51:07;20.01.2021 7:45:29;1694;;;1614;;;;;0;0;0
1271;92;2;1;19.01.2021 7:51:07;20.01.2021 7:45:29;22550,4;0;1228,01;21453,6;21322,39;131,209999999999;0;0;0;;0
1271;60;3;0;19.01.2021 7:51:07;20.01.2021 7:45:29;1208;;;1201;;;;;0;0;0
1271;60;3;1;19.01.2021 7:51:07;20.01.2021 7:45:29;15129,6;0;120,02;15037,2;15009,58;27,6200000000008;0;0;0;;0
1271;50;4;0;19.01.2021 7:51:07;20.01.2021 7:45:29;1208;;;1199;;;;;0;0;0
1271;50;4;1;19.01.2021 7:51:07;20.01.2021 7:45:29;10425,2;0;100;10323,4;10325,2;-1,80000000000109;0;0;0;;0
1271;22;5;0;19.01.2021 7:51:07;20.01.2021 7:45:29;223,65;;;168,85;;;;;0;0;0
1271;22;5;1;19.01.2021 7:51:07;20.01.2021 7:45:29;4473;0;2000,58;3377;2472,42;904,58;0;0;0;;0
