PC;18.01.2021 7:49:33;4;0;;0;92;11,9;499,8;42;11,9;499,8;1;2;2;4;;;;;42;False
PC;18.01.2021 7:55:51;5;0;00000001777555512355;1;92;24,54;999,76;40,74;24,54;999,76;0;5;2;2;;;;;42;False
PC;18.01.2021 7:56:50;2;3;00000001555777702873;2;22;81,63;1999,94;1;34,87;34,87;1;8;5;1;;;;;24,5;True
PC;18.01.2021 8:14:11;1;0;;0;22;20,4;499,8;24,5;0,09;2,21;0;1;5;1;;;;;24,5;True
PC;18.01.2021 8:23:05;3;0;;0;95;10,86;499,56;46;10,86;499,56;1;2;1;3;;;;;46;False
PC;18.01.2021 8:26:17;2;0;00000001777555582051;1;22;127,55;2999,98;23,52;10,59;249,08;0;5;5;1;;;;;24,5;False
PC;18.01.2021 8:28:54;3;0;00000001777555582051;1;92;10;411,6;41,16;10;411,6;1;12;2;4;;;;;42;False
PC;18.01.2021 8:30:04;4;0;;0;92;23,8;999,6;42;23,8;999,6;0;6;2;4;;;;;42;True
PC;18.01.2021 8:33:10;6;0;;0;92;23,8;999,6;42;23,82;1000,44;0;6;2;2;;;;;42;True
PC;18.01.2021 8:43:32;4;0;;0;92;11,9;499,8;42;11,9;499,8;0;6;2;4;;;;;42;True
PC;18.01.2021 8:44:37;2;24;00000001555777707243;2;22;122,44;2999,78;1;25,7;25,7;1;8;5;1;;;;;24,5;True
PC;18.01.2021 8:45:47;6;0;;0;92;5;210;42;5;210;1;2;2;2;;;;;42;False
PC;18.01.2021 9:02:37;2;0;00000001777555530601;1;22;170,06;3999,81;23,52;37,97;893,05;0;5;5;1;;;;;24,5;False
PC;18.01.2021 9:04:50;2;0;;0;22;40,81;999,85;24,5;40,81;999,85;1;2;5;1;;;;;24,5;False
PC;18.01.2021 9:08:20;4;0;;0;92;71,42;2999,64;42;36,6;1537,2;1;2;2;4;;;;;42;False
PC;18.01.2021 9:11:32;3;0;;0;95;10,86;499,56;46;10,86;499,56;1;2;1;3;;;;;46;False
PC;18.01.2021 9:13:16;4;0;;0;92;11,9;499,8;42;11,9;499,8;0;6;2;4;;;;;42;True
PC;18.01.2021 9:19:55;4;0;;0;92;11,9;499,8;42;11,9;499,8;0;6;2;4;;;;;42;True
PC;18.01.2021 9:22:27;2;0;00000001777555505159;1;22;29,76;699,96;23,52;25,72;604,93;0;5;5;1;;;;;24,5;False
PC;18.01.2021 9:33:21;4;0;;0;92;71,42;2999,64;42;30,83;1294,86;0;6;2;4;;;;;42;True
PC;18.01.2021 9:33:24;5;0;;0;92;23,8;999,6;42;23,8;999,6;0;6;2;2;;;;;42;True
PC;18.01.2021 9:33:28;2;0;00000001777555532070;1;22;25,51;600;23,52;25,51;600;0;5;5;1;;;;;24,5;False
PC;18.01.2021 9:39:06;2;3;00000001555777702149;2;22;163,26;3999,87;1;62,15;62,15;1;8;5;1;;;;;24,5;True
PC;18.01.2021 9:43:38;2;0;00000001777555506415;1;22;38,26;899,88;23,52;38,26;899,88;0;5;5;1;;;;;24,5;False
PC;19.01.2021 5:49:31;6;0;;0;92;10;420;42;10,02;420,84;0;6;2;2;;;;;42;True
PC;18.01.2021 9:51:48;2;0;00000001777555532193;1;22;21,25;499,8;23,52;19,27;453,23;0;5;5;1;;;;;24,5;False
PC;18.01.2021 10:00:08;2;0;;0;22;81,63;1999,94;24,5;71,88;1761,06;0;1;5;1;;;;;24,5;True
PC;18.01.2021 10:02:56;6;0;;0;92;60;2520;42;60;2520;1;9;2;2;;;;;42;False
PC;18.01.2021 10:04:23;2;0;00000001777555511556;1;22;124,94;2999,81;24,01;54,36;1305,18;1;12;5;1;;;;;24,5;False
PC;18.01.2021 10:05:45;2;0;;0;22;20,4;499,8;24,5;20,4;499,8;0;6;5;1;;;;;24,5;True
PC;18.01.2021 10:35:13;6;0;;0;92;35,71;1499,82;42;35,71;1499,82;0;6;2;2;;;;;42;True
PC;18.01.2021 10:36:15;4;0;00000001777555532018;1;50;27,49;1199,94;43,65;27,49;1199,94;0;5;4;1;;;;;45;False
PC;18.01.2021 10:36:27;6;0;;0;92;9,52;399,84;42;9,52;399,84;0;1;2;2;;;;;42;True
PC;18.01.2021 10:42:18;6;0;00000001777555512225;1;92;14,72;599,69;40,74;14,72;599,69;0;5;2;2;;;;;42;False
PC;18.01.2021 10:44:09;2;0;;0;22;122,44;2999,78;24,5;60,54;1483,23;1;2;5;1;;;;;24,5;False
PC;18.01.2021 10:46:41;5;0;;0;92;20;840;42;20;840;1;2;2;2;;;;;42;False
PC;18.01.2021 10:49:40;4;0;;0;92;35,71;1499,82;42;35,71;1499,82;0;6;2;4;;;;;42;True
PC;18.01.2021 11:01:46;2;0;00000001777555512201;1;22;42,51;999,84;23,52;2,03;47,75;0;5;5;1;;;;;24,5;False
PC;18.01.2021 11:08:02;4;0;00000001777555511044;1;92;97,18;3999,93;41,16;23,32;959,85;1;12;2;4;;;;;42;False
PC;18.01.2021 11:11:58;1;0;;0;22;40,81;999,85;24,5;38,5;943,25;0;6;5;1;;;;;24,5;True
PC;18.01.2021 11:12:49;5;0;;0;92;15;630;42;15;630;0;6;2;2;;;;;42;True
PC;18.01.2021 11:27:34;2;0;;0;22;20,4;499,8;24,5;20,4;499,8;0;6;5;1;;;;;24,5;True
PC;18.01.2021 11:43:21;2;0;00000001777555511211;1;22;20,82;499,89;24,01;20,82;499,89;1;12;5;1;;;;;24,5;False
PC;18.01.2021 11:47:52;3;0;;0;95;21,73;999,58;46;20,31;934,26;1;2;1;3;;;;;46;True
PC;18.01.2021 11:49:55;6;0;00000001777555530595;1;92;11,07;450,99;40,74;11,07;450,99;0;5;2;2;;;;;42;False
PC;18.01.2021 11:50:28;4;0;;0;92;71,42;2999,64;42;44,69;1876,98;1;2;2;4;;;;;42;False
PC;18.01.2021 11:51:30;3;0;;0;95;86,95;3999,7;46;51,68;2377,28;1;2;1;3;;;;;46;False
PC;18.01.2021 12:06:00;4;0;;0;92;11,9;499,8;42;11,9;499,8;0;6;2;4;;;;;42;True
PC;18.01.2021 12:10:09;4;0;;0;92;12;504;42;12;504;0;1;2;4;;;;;42;False
PC;18.01.2021 12:11:35;3;0;;0;92;11,9;499,8;42;11,9;499,8;1;2;2;4;;;;;42;False
PC;18.01.2021 12:19:37;3;0;;0;95;10,86;499,56;46;10,86;499,56;0;6;1;3;;;;;46;True
PC;18.01.2021 12:37:53;6;0;;0;92;10;420;42;10;420;1;2;2;2;;;;;42;False
PC;18.01.2021 12:38:45;4;0;00000001777555531011;1;92;97,18;3999,93;41,16;47,91;1971,98;1;12;2;4;;;;;42;False
PC;18.01.2021 12:47:33;1;0;00000001777555581276;1;22;21,25;499,8;23,52;21,25;499,8;0;5;5;1;;;;;24,5;False
PC;18.01.2021 12:48:30;2;0;00000001777555549931;1;22;124,94;2999,81;24,01;37,66;904,22;1;12;5;1;;;;;24,5;False
PC;18.01.2021 12:51:31;3;0;;0;92;20;840;42;20;840;1;2;2;4;;;;;42;False
PC;18.01.2021 13:11:12;4;0;;0;92;35,71;1499,82;42;35,71;1499,82;0;6;2;4;;;;;42;True
PC;18.01.2021 13:12:06;2;0;00000001777555591930;1;22;42,51;999,84;23,52;42,51;999,84;0;5;5;1;;;;;24,5;False
PC;18.01.2021 13:13:07;4;0;;0;92;7,14;299,88;42;7,14;299,88;0;1;2;4;;;;;42;False
PC;18.01.2021 13:15:34;3;0;;0;92;23,8;999,6;42;23,8;999,6;0;6;2;4;;;;;42;True
PC;18.01.2021 13:16:44;5;0;;0;92;42,3;1776,6;42;28,92;1214,64;1;2;2;2;;;;;42;False
PC;18.01.2021 13:27:32;3;0;;0;92;11,9;499,8;42;11,9;499,8;0;6;2;4;;;;;42;True
PC;18.01.2021 13:28:43;2;3;00000001555777702897;2;22;122,44;2999,78;1;99,65;99,65;1;8;5;1;;;;;24,5;True
PC;18.01.2021 13:28:59;4;0;;0;92;14,28;599,76;42;14,28;599,76;0;6;2;4;;;;;42;True
PC;18.01.2021 13:33:24;6;0;;0;92;20;840;42;20;840;0;6;2;2;;;;;42;True
PC;18.01.2021 13:37:26;4;0;;0;92;11,9;499,8;42;11,9;499,8;0;6;2;4;;;;;42;True
PC;18.01.2021 13:37:37;2;0;;0;22;122,44;2999,78;24,5;38,84;951,58;0;1;5;1;;;;;24,5;True
PC;18.01.2021 13:37:45;6;0;;0;92;23,8;999,6;42;23,8;999,6;0;6;2;2;;;;;42;True
PC;18.01.2021 13:41:56;6;0;;0;92;15;630;42;15;630;1;2;2;2;;;;;42;False
PC;18.01.2021 13:42:00;3;0;;0;95;2;92;46;2;92;0;1;1;3;;;;;46;True
PC;18.01.2021 13:43:54;4;0;;0;92;20;840;42;20;840;0;1;2;4;;;;;42;True
PC;18.01.2021 13:44:26;6;0;;0;92;23,8;999,6;42;23,8;999,6;0;6;2;2;;;;;42;True
PC;18.01.2021 13:54:03;3;0;;0;95;21,73;999,58;46;21,73;999,58;0;1;1;3;;;;;46;False
PC;18.01.2021 14:00:49;2;0;;0;22;10;245;24,5;10;245;0;1;5;1;;;;;24,5;True
PC;18.01.2021 14:03:37;6;0;00000001777555512225;1;92;24,54;999,76;40,74;24,54;999,76;0;5;2;2;;;;;42;False
PC;18.01.2021 14:14:41;1;0;;0;22;40,81;999,85;24,5;40,81;999,85;0;6;5;1;;;;;24,5;True
PC;18.01.2021 14:14:44;3;0;;0;92;11,9;499,8;42;11,9;499,8;0;6;2;4;;;;;42;True
PC;18.01.2021 14:19:28;2;0;00000001777555586776;1;22;124,94;2999,81;24,01;42,43;1018,74;1;12;5;1;;;;;24,5;False
PC;18.01.2021 14:24:03;4;0;;0;92;23,8;999,6;42;23,8;999,6;1;2;2;4;;;;;42;False
PC;18.01.2021 14:55:06;4;0;;0;92;7,14;299,88;42;7,14;299,88;0;6;2;4;;;;;42;True
PC;18.01.2021 14:56:00;4;0;00000001777555505272;1;92;7,36;299,85;40,74;7,36;299,85;0;5;2;4;;;;;42;False
PC;18.01.2021 14:56:09;6;0;;0;92;23,8;999,6;42;23,8;999,6;0;6;2;2;;;;;42;True
PC;18.01.2021 15:18:04;3;0;;0;92;40;1680;42;40;1680;1;2;2;4;;;;;42;False
PC;18.01.2021 15:21:04;2;0;;0;22;12,24;299,88;24,5;12,24;299,88;1;2;5;1;;;;;24,5;False
PC;18.01.2021 15:24:10;1;3;00000001555777702811;2;22;0;0;1;39,32;39,32;1;8;5;1;;;;;24,5;True
PC;18.01.2021 15:33:10;3;0;00000001777555521258;1;50;13,6;599,76;44,1;13,62;599,76;1;12;4;1;;;;;45;False
PC;18.01.2021 15:46:39;3;0;;0;92;23,8;999,6;42;23,8;999,6;0;6;2;4;;;;;42;True
PC;18.01.2021 15:50:09;4;0;;0;92;11,9;499,8;42;11,9;499,8;0;6;2;4;;;;;42;True
PC;18.01.2021 15:51:23;3;0;;0;92;23,8;999,6;42;23,8;999,6;1;2;2;4;;;;;42;False
PC;18.01.2021 15:52:47;6;0;00000001777555586868;1;92;25;1018,5;40,74;25;1018,5;0;5;2;2;;;;;42;False
PC;18.01.2021 16:00:13;4;0;;0;92;4,76;199,92;42;4,76;199,92;1;2;2;4;;;;;42;False
PC;18.01.2021 16:01:28;3;0;;0;92;16,66;699,72;42;16,66;699,72;0;6;2;4;;;;;42;True
PC;18.01.2021 16:03:35;1;0;00000001777555575893;1;22;20;470,4;23,52;20;470,4;0;5;5;1;;;;;24,5;False
PC;18.01.2021 16:05:22;3;0;00000001777555604906;1;92;20;814,8;40,74;20;814,8;0;5;2;4;;;;;42;False
PC;18.01.2021 16:18:13;4;0;;0;92;16,66;699,72;42;16,66;699,72;0;6;2;4;;;;;42;True
PC;18.01.2021 16:22:19;3;0;;0;95;10;460;46;10;460;1;2;1;3;;;;;46;False
PC;18.01.2021 16:22:51;6;0;;0;92;10,71;449,82;42;10,71;449,82;0;6;2;2;;;;;42;True
PC;18.01.2021 16:27:39;4;0;;0;50;44,44;1999,8;45;44,44;1999,8;0;6;4;1;;;;;45;True
PC;18.01.2021 16:28:58;6;0;;0;92;23,8;999,6;42;23,8;999,6;1;2;2;2;;;;;42;False
PC;18.01.2021 16:41:48;6;0;;0;92;71,42;2999,64;42;35,52;1491,84;1;2;2;2;;;;;42;False
PC;18.01.2021 16:42:02;4;0;;0;92;11,9;499,8;42;11,9;499,8;1;2;2;4;;;;;42;False
PC;18.01.2021 16:43:59;2;0;00000001777555586165;1;22;21,25;499,8;23,52;21,25;499,8;0;5;5;1;;;;;24,5;False
PC;18.01.2021 16:48:30;4;0;;0;92;14,28;599,76;42;14,28;599,76;1;2;2;4;;;;;42;False
PC;18.01.2021 16:50:35;6;0;;0;92;10,9;457,8;42;10,9;457,8;0;1;2;2;;;;;42;True
PC;18.01.2021 16:55:27;2;0;;0;22;122,44;2999,78;24,5;27,45;672,53;1;2;5;1;;;;;24,5;False
PC;18.01.2021 17:00:46;3;0;;0;95;35;1610;46;35;1610;1;2;1;3;;;;;46;False
PC;18.01.2021 17:14:10;4;0;;0;92;14,28;599,76;42;14,28;599,76;1;2;2;4;;;;;42;False
PC;18.01.2021 17:14:10;2;0;00000001777555506057;1;22;127,55;2999,98;23,52;24,56;577,65;0;5;5;1;;;;;24,5;False
PC;18.01.2021 17:22:24;2;0;00000001777555507443;1;22;127,55;2999,98;23,52;39,89;938,21;0;5;5;1;;;;;24,5;False
PC;18.01.2021 17:32:26;2;0;;0;22;20,4;499,8;24,5;20,4;499,8;0;1;5;1;;;;;24,5;True
PC;18.01.2021 17:32:33;4;0;;0;92;11,9;499,8;42;11,9;499,8;0;6;2;4;;;;;42;True
PC;18.01.2021 17:38:31;2;0;;0;22;20,4;499,8;24,5;20,4;499,8;1;2;5;1;;;;;24,5;False
PC;18.01.2021 17:46:34;1;0;00000001777555506613;1;22;127,55;2999,98;23,52;35,28;829,79;0;5;5;1;;;;;24,5;False
PC;18.01.2021 17:47:05;3;0;;0;95;21,73;999,58;46;21,73;999,58;0;6;1;3;;;;;46;True
PC;18.01.2021 17:51:06;2;0;;0;22;40,81;999,85;24,5;40,81;999,85;1;2;5;1;;;;;24,5;False
PC;18.01.2021 17:57:58;2;0;;0;22;5,3;129,85;24,5;5,3;129,85;1;11;5;1;;;;;24,5;False
PC;18.01.2021 17:59:36;2;0;;0;22;5,1;124,95;24,5;5,1;124,95;1;11;5;1;;;;;24,5;False
PC;18.01.2021 18:01:49;4;0;;0;60;12,5;500;40;12,53;500;1;2;3;2;;;;;40;False
PC;18.01.2021 18:08:38;4;0;;0;92;23,8;999,6;42;0,77;32,34;0;6;2;4;;;;;42;True
PC;18.01.2021 18:12:34;6;0;;0;92;23,02;966,84;42;23,02;966,84;0;6;2;2;;;;;42;True
PC;18.01.2021 18:24:13;3;0;;0;92;23,8;999,6;42;23,8;999,6;1;2;2;4;;;;;42;False
PC;18.01.2021 18:28:02;4;0;00000001777555512263;1;92;12,27;499,88;40,74;12,27;499,88;0;5;2;4;;;;;42;False
PC;18.01.2021 18:37:40;4;0;00000001777555531431;1;92;61,36;2499,81;40,74;43,52;1773;0;5;2;4;;;;;42;False
PC;18.01.2021 18:39:57;4;0;;0;92;10;420;42;10;420;0;6;2;4;;;;;42;True
PC;18.01.2021 18:41:31;6;0;;0;92;11,9;499,8;42;11,9;499,8;0;6;2;2;;;;;42;True
PC;18.01.2021 18:45:53;2;0;;0;22;28,57;699,97;24,5;28,57;699,97;1;2;5;1;;;;;24,5;False
PC;18.01.2021 18:48:11;4;0;00000001777555505111;1;92;17,18;699,91;40,74;17,18;699,91;0;5;2;4;;;;;42;False
PC;18.01.2021 18:52:36;3;0;;0;92;10;420;42;10;420;0;6;2;4;;;;;42;True
PC;18.01.2021 18:58:13;2;0;;0;22;61,22;1499,89;24,5;61,22;1499,89;0;1;5;1;;;;;24,5;True
PC;18.01.2021 19:13:57;2;0;;0;22;20,4;499,8;24,5;20,4;499,8;0;6;5;1;;;;;24,5;True
PC;18.01.2021 19:18:09;2;0;;0;22;20,4;499,8;24,5;20,4;499,8;0;6;5;1;;;;;24,5;True
PC;18.01.2021 19:19:29;4;0;;0;92;20;840;42;20;840;0;1;2;4;;;;;42;True
PC;18.01.2021 19:24:39;4;0;;0;92;8,33;349,86;42;8,33;349,86;0;1;2;4;;;;;42;True
PC;18.01.2021 19:54:44;1;0;;0;22;20,4;499,8;24,5;20,4;499,8;1;2;5;1;;;;;24,5;False
PC;18.01.2021 19:55:46;4;0;00000001777555581764;1;92;4,9;199,63;40,74;4,9;199,63;0;5;2;4;;;;;42;False
PC;18.01.2021 19:56:07;2;0;00000001777555531691;1;22;106,29;2499,94;23,52;76,2;1792,22;0;5;5;1;;;;;24,5;False
PC;18.01.2021 20:19:12;2;0;;0;22;14,28;349,86;24,5;14,28;349,86;0;6;5;1;;;;;24,5;True
PC;18.01.2021 20:30:31;2;41;00000001555777706772;2;22;122,44;2999,78;1;45,45;45,45;1;8;5;1;;;;;24,5;True
PC;18.01.2021 20:49:55;2;0;;0;22;12,24;299,88;24,5;12,24;299,88;1;2;5;1;;;;;24,5;False
PC;18.01.2021 21:06:04;4;0;;0;92;10;420;42;10;420;0;6;2;4;;;;;42;True
PC;18.01.2021 21:21:49;2;0;;0;22;122,44;2999,78;24,5;98,19;2405,66;1;2;5;1;;;;;24,5;False
PC;18.01.2021 22:05:22;3;0;;0;92;23,8;999,6;42;23,8;999,6;0;1;2;4;;;;;42;True
PC;18.01.2021 22:25:40;3;0;;0;95;65,21;2999,66;46;51,36;2362,56;0;1;1;3;;;;;46;True
PC;18.01.2021 22:42:15;1;0;00000001777555581825;1;22;127,55;2999,98;23,52;125,48;2951,29;0;5;5;1;;;;;24,5;False
PC;18.01.2021 22:50:17;4;0;;0;92;71,42;2999,64;42;39,38;1653,96;1;2;2;4;;;;;42;False
PC;19.01.2021 0:16:23;1;0;00000001777555506330;1;22;127,55;2999,98;23,52;42,91;1009,24;0;5;5;1;;;;;24,5;False
PC;19.01.2021 0:22:55;2;0;;0;22;122,44;2999,78;24,5;23,36;572,32;0;6;5;1;;;;;24,5;True
PC;19.01.2021 0:25:51;5;0;;0;60;12,5;500;40;12,53;500;0;6;3;1;;;;;40;False
PC;19.01.2021 1:50:26;6;0;;0;92;11,9;499,8;42;11,9;499,8;0;6;2;2;;;;;42;True
PC;19.01.2021 5:25:10;1;0;;0;22;20,4;499,8;24,5;20,4;499,8;0;6;5;1;;;;;24,5;True
