1270;22;1;18.01.2021 7:35:44;19.01.2021 7:50:37;0;202,43;4959,54;149,8;0,74
1270;22;2;18.01.2021 7:35:44;19.01.2021 7:50:37;1;361,65;8860,45;267,62;0,74
1270;22;5;18.01.2021 7:35:44;19.01.2021 7:50:37;0;608,68;14316,16;450,42;0,74
1270;22;6;18.01.2021 7:35:44;19.01.2021 7:50:37;0;218,95;5364,28;162,02;0,74
1270;22;8;18.01.2021 7:35:44;19.01.2021 7:50:37;1;307,14;307,14;227,28;0,74
1270;22;11;18.01.2021 7:35:44;19.01.2021 7:50:37;1;10,4;254,8;7,7;0,74
1270;22;12;18.01.2021 7:35:44;19.01.2021 7:50:37;1;155,27;3728,03;114,9;0,74
1270;50;5;18.01.2021 7:35:44;19.01.2021 7:50:37;0;27,49;1199,94;20,34;0,74
1270;50;6;18.01.2021 7:35:44;19.01.2021 7:50:37;0;44,44;1999,8;32,89;0,74
1270;50;12;18.01.2021 7:35:44;19.01.2021 7:50:37;1;13,62;599,76;10,08;0,74
1270;60;2;18.01.2021 7:35:44;19.01.2021 7:50:37;1;12,53;500;9,27;0,74
1270;60;6;18.01.2021 7:35:44;19.01.2021 7:50:37;0;12,53;500;9,27;0,74
1270;92;1;18.01.2021 7:35:44;19.01.2021 7:50:37;0;111,69;4690,98;82,65;0,74
1270;92;2;18.01.2021 7:35:44;19.01.2021 7:50:37;1;459,33;19291,86;339,9;0,74
1270;92;5;18.01.2021 7:35:44;19.01.2021 7:50:37;0;205,1;8355,77;151,77;0,74
1270;92;6;18.01.2021 7:35:44;19.01.2021 7:50:37;0;623,54;26188,68;461,42;0,74
1270;92;9;18.01.2021 7:35:44;19.01.2021 7:50:37;1;60;2520;44,4;0,74
1270;92;12;18.01.2021 7:35:44;19.01.2021 7:50:37;1;81,23;3343,43;60,11;0,74
1270;95;1;18.01.2021 7:35:44;19.01.2021 7:50:37;0;75,09;3454,14;55,57;0,74
1270;95;2;18.01.2021 7:35:44;19.01.2021 7:50:37;1;138,71;6380,66;102,65;0,74
1270;95;6;18.01.2021 7:35:44;19.01.2021 7:50:37;0;32,59;1499,14;24,12;0,74
