1270;95;1;0;18.01.2021 7:35:44;19.01.2021 7:50:37;1631;;;1608;;;;;0;0;0
1270;95;1;1;18.01.2021 7:35:44;19.01.2021 7:50:37;15454,9;0;246,39;15225,4;15208,51;16,8899999999994;0;0;0;;0
1270;92;2;0;18.01.2021 7:35:44;19.01.2021 7:50:37;1799;;;1694;;;;;0;0;0
1270;92;2;1;18.01.2021 7:35:44;19.01.2021 7:50:37;24043,2;0;1540,89;22550,4;22502,31;48,0900000000001;0;0;0;;0
1270;60;3;0;18.01.2021 7:35:44;19.01.2021 7:50:37;1209;;;1208;;;;;0;0;0
1270;60;3;1;18.01.2021 7:35:44;19.01.2021 7:50:37;15142,8;0;25,06;15129,6;15117,74;11,8600000000006;0;0;0;;0
1270;50;4;0;18.01.2021 7:35:44;19.01.2021 7:50:37;1215;;;1208;;;;;0;0;0
1270;50;4;1;18.01.2021 7:35:44;19.01.2021 7:50:37;10503;0;85,55;10425,2;10417,45;7,75;0;0;0;;0
1270;22;5;0;18.01.2021 7:35:44;19.01.2021 7:50:37;316,85;;;223,65;;;;;0;0;0
1270;22;5;1;18.01.2021 7:35:44;19.01.2021 7:50:37;6337;0;1864,52;4473;4472,48;0,520000000000437;0;0;0;;0
