1269;95;1;0;17.01.2021 7:46:28;18.01.2021 7:35:12;1638;;;1631;;;;;0;0;0
1269;95;1;1;17.01.2021 7:46:28;18.01.2021 7:35:12;15524,2;0;78,22;15454,9;15445,98;8,92000000000007;0;0;0;;0
1269;92;2;0;17.01.2021 7:46:28;18.01.2021 7:35:12;1541;;;1799;;;;;0;0;0
1269;92;2;1;17.01.2021 7:46:28;18.01.2021 7:35:12;20355,1;0;1232,52;24043,2;19122,58;4920,62;0;0;0;;0
1269;60;3;0;17.01.2021 7:46:28;18.01.2021 7:35:12;1213;;;1209;;;;;0;0;0
1269;60;3;1;17.01.2021 7:46:28;18.01.2021 7:35:12;15203,1;0;50,02;15142,8;15153,08;-10,2800000000007;0;0;0;;0
1269;50;4;0;17.01.2021 7:46:28;18.01.2021 7:35:12;1218;;;1215;;;;;0;0;0
1269;50;4;1;17.01.2021 7:46:28;18.01.2021 7:35:12;10536;0;33,33;10503;10502,67;0,329999999999927;0;0;0;;0
1269;22;5;0;17.01.2021 7:46:28;18.01.2021 7:35:12;395,95;;;316,85;;;;;0;0;0
1269;22;5;1;17.01.2021 7:46:28;18.01.2021 7:35:12;7919;0;1581,76;6337;6337,24;-0,239999999999782;0;0;0;;0
