12;22;0;0;6074,94;30316,64;True;;;;;08.03.2020;;;;;;;;30.12.1899;
2;22;0;0;3417859,52000003;12055019,62;True;;;;;06.01.2021;;;;;;;;30.12.1899;
9;22;0;0;74275,7400000001;809198,36;True;;;;;12.02.2019;;;;;;;;30.12.1899;
23;50;0;0;44431,99;1614815,36;True;;;;;26.09.2017;;;;;;;;30.12.1899;
14;22;0;0;13139,86;234296,75;True;;;;;28.04.2017;;;;;;;;30.12.1899;
13;22;0;0;45374,15;227906,17;True;;;;;28.01.2021;;;;;;;;30.12.1899;
13;92;0;0;1341,84;39278,58;True;;;;;14.01.2021;;;;;;;;30.12.1899;
18;95;0;0;770;28804;True;;;;;05.03.2017;;;;;;;;30.12.1899;
1;92;0;0;3265,98;113353,7;True;;;;;22.09.2017;;;;;;;;30.12.1899;
7;22;0;0;649448,799999996;6085718,91;True;;;;;30.12.2020;;;;;;;;30.12.1899;
9;92;0;0;2409,59;43509,67;True;;;;;26.01.2019;;;;;;;;30.12.1899;
8;22;0;0;14441,14;286260,35;True;;;;;10.12.2020;;;;;;;;30.12.1899;
10;22;0;0;13238,16;117503,1;True;;;;;09.01.2021;;;;;;;;30.12.1899;
6;95;0;0;774,44;29092,49;True;;;;;16.10.2017;;;;;;;;30.12.1899;
6;22;0;0;6885,36;92356,5;True;;;;;14.12.2020;;;;;;;;30.12.1899;
6;80;0;0;2411,52;68306,67;True;;;;;22.01.2021;;;;;;;;30.12.1899;
11;22;0;0;29922,11;150052,32;True;;;;;27.01.2021;;;;;;;;30.12.1899;
6;92;0;0;1738,72;50293,14;True;;;;;02.01.2021;;;;;;;;30.12.1899;
21;92;0;0;12445,25;130917,45;True;;;;;25.01.2021;;;;;;;;30.12.1899;
14;92;0;0;421,68;14580,68;True;;;;;04.04.2017;;;;;;;;30.12.1899;
10;92;0;0;2959,52;59448,72;True;;;;;26.01.2021;;;;;;;;30.12.1899;
9;95;0;0;1200,04;32977,02;True;;;;;30.03.2019;;;;;;;;30.12.1899;
19;95;0;0;2201,81;49263,09;True;;;;;31.07.2019;;;;;;;;30.12.1899;
22;92;0;0;236;9429,2;True;;;;;04.07.2019;;;;;;;;30.12.1899;
24;92;0;0;73,24;2529,95;True;;;;;23.01.2018;;;;;;;;30.12.1899;
2;80;0;0;34054,86;187042,41;True;;;;;21.12.2020;;;;;;;;30.12.1899;
3;22;0;0;20306,95;308704,41;True;;;;;26.11.2017;;;;;;;;30.12.1899;
20;95;0;0;1725,51;64786,83;True;;;;;15.05.2017;;;;;;;;30.12.1899;
20;50;0;0;3597,34;130011,2;True;;;;;26.02.2018;;;;;;;;30.12.1899;
20;22;0;0;68126,7700000002;821097,7;True;;;;;04.03.2018;;;;;;;;30.12.1899;
20;92;0;0;7452,91;231820,43;True;;;;;21.03.2018;;;;;;;;30.12.1899;
10;95;0;0;89,41;3363,38;True;;;;;03.04.2017;;;;;;;;30.12.1899;
27;22;0;0;1364,16;23856,63;True;;;;;06.09.2017;;;;;;;;30.12.1899;
6;50;0;0;851,83;4251,83;True;;;;;26.02.2020;;;;;;;;30.12.1899;
1;22;0;0;1186,77;21683,71;True;;;;;25.08.2020;;;;;;;;30.12.1899;
19;92;0;0;595,72;17174,83;True;;;;;26.08.2019;;;;;;;;30.12.1899;
23;22;0;0;21096,93;25173,84;True;;;;;26.01.2021;;;;;;;;30.12.1899;
47;22;0;0;16003,64;16003,64;True;;;;;05.03.2020;;;;;;;;30.12.1899;
29;22;0;0;1543,96;2063,56;True;;;;;25.12.2020;;;;;;;;30.12.1899;
24;22;0;0;969,85;16086,18;True;;;;;14.01.2018;;;;;;;;30.12.1899;
30;22;0;0;22849,43;159429,37;True;;;;;13.02.2019;;;;;;;;30.12.1899;
2;92;0;0;36309,31;88466,3;True;;;;;19.12.2020;;;;;;;;30.12.1899;
23;80;0;0;80,08;80,08;True;;;;;14.06.2018;;;;;;;;30.12.1899;
15;22;0;0;20047,88;37758,83;True;;;;;26.01.2021;;;;;;;;30.12.1899;
23;92;0;0;6707,02;177552,43;True;;;;;21.08.2020;;;;;;;;30.12.1899;
10;50;0;0;507,65;18391,73;True;;;;;10.05.2017;;;;;;;;30.12.1899;
9;50;0;0;190,64;367,39;True;;;;;17.01.2019;;;;;;;;30.12.1899;
16;22;0;0;50,96;891,8;True;;;;;25.02.2017;;;;;;;;30.12.1899;
2;50;0;0;5946,77;7506,37;True;;;;;02.03.2020;;;;;;;;30.12.1899;
28;80;0;0;1279,2;16878,88;True;;;;;21.03.2019;;;;;;;;30.12.1899;
7;92;0;0;42910,36;523939,52;True;;;;;21.02.2020;;;;;;;;30.12.1899;
26;92;0;0;385;14477;True;;;;;28.03.2019;;;;;;;;30.12.1899;
31;22;0;0;10607,08;74769,11;True;;;;;05.12.2018;;;;;;;;30.12.1899;
10;80;0;0;1481,12;8816,3;True;;;;;28.11.2020;;;;;;;;30.12.1899;
28;92;0;0;690;7197;True;;;;;14.01.2021;;;;;;;;30.12.1899;
21;80;0;0;212;7102;True;;;;;20.09.2017;;;;;;;;30.12.1899;
9;80;0;0;10;335;True;;;;;05.05.2017;;;;;;;;30.12.1899;
32;22;0;0;2443,84;35144,9;True;;;;;24.12.2017;;;;;;;;30.12.1899;
32;95;0;0;955;31213;True;;;;;01.12.2017;;;;;;;;30.12.1899;
1;50;0;0;80;2920;True;;;;;24.05.2017;;;;;;;;30.12.1899;
33;92;0;0;3535,13;20345,13;True;;;;;07.12.2020;;;;;;;;30.12.1899;
7;80;0;0;38590,5;1042923,51;True;;;;;12.11.2019;;;;;;;;30.12.1899;
13;80;0;0;395;6555,5;True;;;;;07.10.2020;;;;;;;;30.12.1899;
34;22;0;0;3436,98;58084,96;True;;;;;10.10.2017;;;;;;;;30.12.1899;
3;92;0;0;17,04;599,81;True;;;;;15.07.2017;;;;;;;;30.12.1899;
35;22;0;0;1951,86;24493,25;True;;;;;28.09.2018;;;;;;;;30.12.1899;
35;92;0;0;500;10802;True;;;;;26.01.2021;;;;;;;;30.12.1899;
28;50;0;0;9776,3;37351,05;True;;;;;20.02.2020;;;;;;;;30.12.1899;
15;92;0;0;3352,41;16708,41;True;;;;;01.01.2021;;;;;;;;30.12.1899;
38;22;0;0;46320,66;48422,64;True;;;;;26.11.2020;;;;;;;;30.12.1899;
33;22;0;0;163,11;685,11;True;;;;;13.04.2019;;;;;;;;30.12.1899;
28;22;0;0;35;35;True;;;;;23.09.2019;;;;;;;;30.12.1899;
38;80;0;0;710;710;True;;;;;13.12.2019;;;;;;;;30.12.1899;
43;22;0;0;31928;31928;True;;;;;27.01.2021;;;;;;;;30.12.1899;
40;22;0;0;73198,7800000001;74176,46;True;;;;;21.01.2021;;;;;;;;30.12.1899;
44;22;0;0;1349,01;1349,01;True;;;;;15.08.2018;;;;;;;;30.12.1899;
21;22;0;0;32,23;32,23;True;;;;;15.03.2018;;;;;;;;30.12.1899;
40;92;0;0;7284,56;24791,56;True;;;;;22.01.2021;;;;;;;;30.12.1899;
46;50;0;0;8947,53;8947,53;True;;;;;14.05.2018;;;;;;;;30.12.1899;
41;22;0;0;185,96;185,96;True;;;;;08.10.2019;;;;;;;;30.12.1899;
45;50;0;0;36314,4;36314,4;True;;;;;04.07.2019;;;;;;;;30.12.1899;
46;22;0;0;208,56;1078,56;True;;;;;08.07.2020;;;;;;;;30.12.1899;
45;92;0;0;336,02;336,02;True;;;;;19.02.2019;;;;;;;;30.12.1899;
23;95;0;0;50;886;True;;;;;06.10.2019;;;;;;;;30.12.1899;
39;22;0;0;146,2;146,2;True;;;;;05.06.2018;;;;;;;;30.12.1899;
48;22;0;0;3867,67;3867,67;True;;;;;29.10.2018;;;;;;;;30.12.1899;
19;80;0;0;20;764;True;;;;;16.06.2018;;;;;;;;30.12.1899;
40;50;0;0;264,78;264,78;True;;;;;13.09.2019;;;;;;;;30.12.1899;
45;22;0;0;38,13;38,13;True;;;;;18.07.2018;;;;;;;;30.12.1899;
38;92;0;0;1385;1385;True;;;;;22.09.2020;;;;;;;;30.12.1899;
42;22;0;0;1010,72;1010,72;True;;;;;27.12.2020;;;;;;;;30.12.1899;
49;22;0;0;210,45;210,45;True;;;;;12.09.2019;;;;;;;;30.12.1899;
50;22;0;0;598,47;598,47;True;;;;;13.01.2021;;;;;;;;30.12.1899;
13;50;0;0;10053,58;146608,54;True;;;;;12.11.2019;;;;;;;;30.12.1899;
51;22;0;0;1901,38;1901,38;True;;;;;12.02.2020;;;;;;;;30.12.1899;
43;92;0;0;3034,49;5750,49;True;;;;;27.01.2021;;;;;;;;30.12.1899;
52;92;0;0;2086,07;2086,07;True;;;;;19.01.2021;;;;;;;;30.12.1899;
52;22;0;0;17112;17112;True;;;;;26.01.2021;;;;;;;;30.12.1899;
43;50;0;0;1751;14711;True;;;;;02.12.2020;;;;;;;;30.12.1899;
53;92;0;0;469,77;469,77;True;;;;;06.05.2019;;;;;;;;30.12.1899;
53;50;0;0;3427,62;3427,62;True;;;;;11.04.2019;;;;;;;;30.12.1899;
47;92;0;0;1628,84;1628,84;True;;;;;05.03.2020;;;;;;;;30.12.1899;
47;50;0;0;2729,91;2729,91;True;;;;;25.02.2020;;;;;;;;30.12.1899;
53;22;0;0;14232,25;14232,25;True;;;;;20.09.2019;;;;;;;;30.12.1899;
53;80;0;0;98,96;98,96;True;;;;;15.04.2019;;;;;;;;30.12.1899;
53;95;0;0;30;30;True;;;;;22.04.2019;;;;;;;;30.12.1899;
52;50;0;0;1954,41;1954,41;True;;;;;21.01.2021;;;;;;;;30.12.1899;
26;95;0;0;35;1540;True;;;;;18.05.2019;;;;;;;;30.12.1899;
55;92;0;0;6650,85;271726,12;True;;;;;27.01.2021;;;;;;;;30.12.1899;
27;92;0;0;1059,39;5959,39;True;;;;;24.12.2020;;;;;;;;30.12.1899;
2;95;0;0;45,01;45,01;True;;;;;07.07.2019;;;;;;;;30.12.1899;
56;50;0;0;40;40;True;;;;;02.08.2019;;;;;;;;30.12.1899;
40;95;0;0;20;20;True;;;;;08.08.2019;;;;;;;;30.12.1899;
47;95;0;0;224,22;224,22;True;;;;;24.01.2020;;;;;;;;30.12.1899;
55;22;0;0;241,61;4759,71;True;;;;;23.11.2019;;;;;;;;30.12.1899;
15;95;0;0;105,51;105,51;True;;;;;16.07.2020;;;;;;;;30.12.1899;
58;92;0;0;574;574;True;;;;;03.12.2020;;;;;;;;30.12.1899;
17;92;0;0;2250;2250;True;;;;;14.01.2021;;;;;;;;30.12.1899;
60;92;0;0;255;255;True;;;;;24.09.2020;;;;;;;;30.12.1899;
58;50;0;0;1760,41;1760,41;True;;;;;27.11.2020;;;;;;;;30.12.1899;
4;92;0;0;340,51;340,51;True;;;;;19.05.2020;;;;;;;;30.12.1899;
37;92;0;0;328,4;328,4;True;;;;;24.12.2020;;;;;;;;30.12.1899;
58;22;0;0;1422,92;1422,92;True;;;;;24.11.2020;;;;;;;;30.12.1899;
59;92;0;0;717,25;717,25;True;;;;;26.01.2021;;;;;;;;30.12.1899;
69;22;0;0;1997,93;3545,79;True;;;;;25.01.2021;;;;;;;;30.12.1899;
69;92;0;0;100;100;True;;;;;02.01.2021;;;;;;;;30.12.1899;
72;92;0;0;1078,24;1078,24;True;;;;;28.01.2021;;;;;;;;30.12.1899;
74;22;0;0;43,99;43,99;True;;;;;08.10.2020;;;;;;;;30.12.1899;
12;92;0;0;20;20;True;;;;;16.09.2020;;;;;;;;30.12.1899;
75;22;0;0;100,46;100,46;True;;;;;26.01.2021;;;;;;;;30.12.1899;
57;22;0;0;429,43;429,43;True;;;;;20.01.2021;;;;;;;;30.12.1899;
33;50;0;0;100;100;True;;;;;07.12.2020;;;;;;;;30.12.1899;
76;92;0;0;50;50;True;;;;;27.01.2021;;;;;;;;30.12.1899;
