1562;80;3;27.01.2021 8:53:44;28.01.2021 8:51:36;135055,11;135055,11;0;0
1562;80;4;27.01.2021 8:53:44;28.01.2021 8:51:36;249486,08;249512,04;25,96;0
1562;92;1;27.01.2021 8:53:44;28.01.2021 8:51:36;406656,56;406709,14;52,58;0
1562;92;2;27.01.2021 8:53:44;28.01.2021 8:51:36;131747,39;131759,39;12;0
1562;92;3;27.01.2021 8:53:44;28.01.2021 8:51:36;1774531,19;1775145,71;614,52;0
1562;92;4;27.01.2021 8:53:44;28.01.2021 8:51:36;601367,02;601626,37;259,35;0
1562;95;3;27.01.2021 8:53:44;28.01.2021 8:51:36;208693,48;208733,02;39,54;0
1562;95;4;27.01.2021 8:53:44;28.01.2021 8:51:36;82615,02;82615,02;0;0
1562;50;1;27.01.2021 8:53:44;28.01.2021 8:51:36;407360,16;407522,3;162,14;0
1562;50;2;27.01.2021 8:53:44;28.01.2021 8:51:36;525329,3;525356,74;27,44;0
1562;22;5;27.01.2021 8:53:44;28.01.2021 8:51:36;7473414,53;7475019,51;1604,98;0
1562;22;6;27.01.2021 8:53:44;28.01.2021 8:51:36;6096643,33;6098194,16;1550,83;0
1562;22;7;27.01.2021 8:53:44;28.01.2021 8:51:36;834814,51;834958,79;144,28;0
