1561;80;3;26.01.2021 8:56:32;27.01.2021 8:53:14;135055,11;135055,11;0;0
1561;80;4;26.01.2021 8:56:32;27.01.2021 8:53:14;249486,08;249486,08;0;0
1561;92;1;26.01.2021 8:56:32;27.01.2021 8:53:14;406544,15;406656,56;112,41;0
1561;92;2;26.01.2021 8:56:32;27.01.2021 8:53:14;131747,39;131747,39;0;0
1561;92;3;26.01.2021 8:56:32;27.01.2021 8:53:14;1774030,56;1774531,19;500,63;0
1561;92;4;26.01.2021 8:56:32;27.01.2021 8:53:14;601235,9;601367,02;131,12;0
1561;95;3;26.01.2021 8:56:32;27.01.2021 8:53:14;208591,32;208693,48;102,16;0
1561;95;4;26.01.2021 8:56:32;27.01.2021 8:53:14;82615,02;82615,02;0;0
1561;50;1;26.01.2021 8:56:32;27.01.2021 8:53:14;406706,12;407360,16;654,04;0
1561;50;2;26.01.2021 8:56:32;27.01.2021 8:53:14;525309,3;525329,3;20;0
1561;22;5;26.01.2021 8:56:32;27.01.2021 8:53:14;7471334,54;7473414,53;2079,99;0
1561;22;6;26.01.2021 8:56:32;27.01.2021 8:53:14;6095218,4;6096643,33;1424,93;0
1561;22;7;26.01.2021 8:56:32;27.01.2021 8:53:14;834334,73;834814,51;479,78;0
