1561;80;4;0;26.01.2021 8:56:32;27.01.2021 8:53:14;1105;;;1105;;;;;0;0;0
1561;80;4;1;26.01.2021 8:56:32;27.01.2021 8:53:14;4066;0;0;4066;4066;0;0;0;0;;0
1561;92;3;0;26.01.2021 8:56:32;27.01.2021 8:53:14;1039;;;1324;;;;;0;0;0
1561;92;3;1;26.01.2021 8:56:32;27.01.2021 8:53:14;8447,6;3996;744,16;11713,6;11699,44;14,1599999999999;0;0;0;;0
1561;95;1;0;26.01.2021 8:56:32;27.01.2021 8:53:14;1303;;;1281;;;;;0;0;0
1561;95;1;1;26.01.2021 8:56:32;27.01.2021 8:53:14;4512,7;0;102,16;4414,3;4410,54;3,76000000000022;0;0;0;;0
1561;50;2;0;26.01.2021 8:56:32;27.01.2021 8:53:14;1702;;;1605;;;;;0;0;0
1561;50;2;1;26.01.2021 8:56:32;27.01.2021 8:53:14;9694,8;0;674,04;9043,5;9020,76;22,7399999999998;0;0;0;;0
1561;22;5;0;26.01.2021 8:56:32;27.01.2021 8:53:14;658,4;;;459,17;;;;;0;0;0
1561;22;5;1;26.01.2021 8:56:32;27.01.2021 8:53:14;13168;0;3984,7;9432;9183,3;248,700000000001;0;0;0;;0
