1562;80;4;0;27.01.2021 8:53:44;28.01.2021 8:51:36;1105;;;1100;;;;;0;0;0
1562;80;4;1;27.01.2021 8:53:44;28.01.2021 8:51:36;4066;0;25,96;4043;4040,04;2,96000000000004;0;0;0;;0
1562;92;3;0;27.01.2021 8:53:44;28.01.2021 8:51:36;1324;;;1244;;;;;0;0;0
1562;92;3;1;27.01.2021 8:53:44;28.01.2021 8:51:36;11713,6;0;936,45;10779,8;10777,15;2,64999999999964;0;0;0;;0
1562;95;1;0;27.01.2021 8:53:44;28.01.2021 8:51:36;1281;;;1272;;;;;0;0;0
1562;95;1;1;27.01.2021 8:53:44;28.01.2021 8:51:36;4414,3;0;39,54;4376,4;4374,76;1,63999999999942;0;0;0;;0
1562;50;2;0;27.01.2021 8:53:44;28.01.2021 8:51:36;1605;;;1578;;;;;0;0;0
1562;50;2;1;27.01.2021 8:53:44;28.01.2021 8:51:36;9043,5;0;189,58;8875,4;8853,92;21,4799999999996;0;0;0;;0
1562;22;5;0;27.01.2021 8:53:44;28.01.2021 8:51:36;471,6;;;306,6;;;;;0;0;0
1562;22;5;1;27.01.2021 8:53:44;28.01.2021 8:51:36;9432;0;3300,09;6263;6131,91;131,09;0;0;0;;0
