OPERATORAZS;19.01.2021 12:24:19;7;0;00000001777555521661;300;95;11,21;500;44,59;11,22;500;0;7;2;2;;;;;45,5;False
OPERATORAZS;19.01.2021 12:26:19;5;0;00000001777555604012;300;92;8,5;350;41,16;8,51;350;0;7;4;3;;;;;42;False
OPERATORAZS;19.01.2021 12:26:41;8;0;00000001777555500031;300;60;23,53;1000;41,65;23,53;980,02;1;12;1;3;;;;;42,5;True
OPERATORAZS;19.01.2021 12:29:42;3;0;00000001777555604012;300;22;0;0;22,71;113,09;2568,27;0;5;5;1;;;;;23,9;True
OPERATORAZS;19.01.2021 12:31:06;7;0;00000001777555604012;300;92;11,9;500;41,16;11,91;490,22;0;7;4;1;;;;;42;True
OPERATORAZS;19.01.2021 12:34:33;7;0;00000001777555537235;300;92;11,9;500;41,16;11,91;490,22;0;7;4;1;;;;;42;True
OPERATORAZS;19.01.2021 12:35:55;8;0;00000001777555537235;300;92;19,44;800;41,16;19,44;800,15;0;7;4;1;;;;;42;False
OPERATORAZS;19.01.2021 12:55:12;5;0;;0;95;10,99;500;45,5;10,99;500,05;0;1;2;2;;;;;45,5;True
OPERATORAZS;19.01.2021 12:55:15;7;0;;0;92;11,9;500;42;11,91;500,22;0;6;4;1;;;;;42;True
OPERATORAZS;19.01.2021 13:08:40;7;0;00000001777555543205;300;92;11,9;500;41,16;11,91;490,22;0;7;4;1;;;;;42;True
OPERATORAZS;19.01.2021 13:09:22;7;0;00000001777555543205;300;92;4,96;204;41,16;4,96;204,15;0;7;4;1;;;;;42;False
OPERATORAZS;19.01.2021 13:15:40;3;0;00000001777555527458;300;22;26,42;600;22,71;26,42;600;0;5;5;1;;;;;23,9;False
OPERATORAZS;19.01.2021 13:16:51;7;0;00000001777555528332;300;95;112,13;5000;44,59;31,79;1417,52;0;5;2;2;;;;;45,5;False
OPERATORAZS;19.01.2021 13:21:32;7;0;00000001777555548842;300;92;9,72;400;41,16;9,72;400,08;0;7;4;1;;;;;42;False
OPERATORAZS;19.01.2021 13:44:11;3;0;00000001777555570638;300;22;13,21;300;22,71;13,21;300;0;5;5;1;;;;;23,9;False
OPERATORAZS;19.01.2021 13:45:21;7;0;00000001777555500154;300;95;0;0;45,05;25,95;1169,05;1;12;2;2;;;;;45,5;True
OPERATORAZS;19.01.2021 13:46:47;5;0;00000001777555578504;300;92;12,15;500;41,16;12,15;500,09;0;7;4;3;;;;;42;False
OPERATORAZS;19.01.2021 13:54:19;7;0;00000001777555604012;300;60;0;0;41,23;40;1649,2;0;7;1;3;;;;;42,5;True
OPERATORAZS;19.01.2021 13:55:43;7;0;;0;92;35,71;1500;42;35,72;1500;0;1;4;1;;;;;42;False
OPERATORAZS;19.01.2021 13:59:46;8;0;;0;92;10,64;447;42;10,65;447;1;2;4;1;;;;;42;False
OPERATORAZS;19.01.2021 14:02:13;7;0;00000001777555604012;300;92;9,52;400;41,16;9,53;392,25;0;7;4;1;;;;;42;True
OPERATORAZS;19.01.2021 14:06:00;7;0;00000001777555585601;300;92;12,15;500;41,16;12,15;500,09;0;7;4;1;;;;;42;False
OPERATORAZS;19.01.2021 14:10:12;7;0;00000001777555504985;300;95;15,7;700;44,59;15,7;700,06;0;7;2;2;;;;;45,5;False
OPERATORAZS;19.01.2021 14:16:40;1;73;00000001555777707205;3000;22;0;0;1;71,26;71,26;1;8;5;1;;;;;23,9;True
OPERATORAZS;19.01.2021 14:18:10;2;21;;0;22;300;7170;23,9;55,39;1323,82;1;3;5;1;;;;;23,9;True
OPERATORAZS;19.01.2021 14:18:14;7;0;00000001777555586943;300;92;24,3;1000;41,16;24,3;1000,19;0;7;4;1;;;;;42;False
OPERATORAZS;19.01.2021 14:21:01;7;0;00000001777555523047;300;92;24,3;1000;41,16;24,3;1000,19;0;7;4;1;;;;;42;False
OPERATORAZS;19.01.2021 14:36:02;5;0;00000001777555517671;300;92;0;0;41,16;15;617,4;0;7;4;3;;;;;42;True
OPERATORAZS;19.01.2021 14:38:09;3;0;00000001777555517671;300;22;34,51;800;23,18;34,51;799,94;1;12;5;1;;;;;23,9;False
OPERATORAZS;19.01.2021 14:38:59;4;0;00000001777555501588;300;22;0;0;23,18;25,4;588,77;1;12;5;1;;;;;23,9;True
OPERATORAZS;19.01.2021 14:43:09;6;0;00000001777555604012;300;95;10,99;500;44,59;10,99;490,04;0;7;2;2;;;;;45,5;True
OPERATORAZS;19.01.2021 14:43:14;8;0;00000001777555604012;300;92;119,05;5000;41,16;33,5;1378,86;0;7;4;1;;;;;42;True
OPERATORAZS;19.01.2021 15:01:17;7;0;00000001777555604012;300;92;11,9;500;41,16;11,91;490,22;0;7;4;1;;;;;42;True
OPERATORAZS;19.01.2021 15:12:50;7;0;00000001777555604012;300;92;11,9;500;41,16;11,91;490,22;0;7;4;1;;;;;42;True
OPERATORAZS;19.01.2021 15:14:06;7;0;00000001777555585748;300;92;12,15;500;41,16;12,15;500,09;0;7;4;1;;;;;42;False
OPERATORAZS;19.01.2021 15:20:55;8;0;00000000177755553285;300;92;0;0;41,58;20;831,6;1;12;4;1;;;;;42;True
OPERATORAZS;19.01.2021 15:21:04;7;0;00000000177755555171;300;95;10,99;500;45,05;10,99;495,1;1;12;2;2;;;;;45,5;True
OPERATORAZS;19.01.2021 15:22:21;5;0;00000001777555533428;300;92;14,58;600;41,16;14,58;600,11;0;7;4;3;;;;;42;False
OPERATORAZS;19.01.2021 15:34:51;8;0;00000001777000103305;300;92;23,81;1000;41,58;23,81;990,02;1;12;4;1;;;;;42;True
OPERATORAZS;19.01.2021 15:40:33;7;0;00000001777555604012;300;92;15,95;670;41,16;15,96;656,91;0;7;4;1;;;;;42;True
OPERATORAZS;19.01.2021 15:42:10;5;0;00000000177755556178;300;92;11,9;500;41,58;11,91;495,22;1;12;4;3;;;;;42;True
OPERATORAZS;19.01.2021 15:43:45;3;0;00000001777000111744;300;22;0;0;22,71;20,17;458,06;0;5;5;1;;;;;23,9;True
OPERATORAZS;19.01.2021 15:44:44;7;0;00000001777555516186;300;92;15;623,7;41,58;15;623,7;1;12;4;1;;;;;42;False
OPERATORAZS;19.01.2021 15:49:30;7;0;00000001777555542130;300;92;24,3;1000;41,16;24,3;1000,19;0;7;4;1;;;;;42;False
OPERATORAZS;19.01.2021 15:49:53;8;0;00000001777555542130;300;95;40,37;1800;44,59;40,37;1800,1;0;7;2;2;;;;;45,5;False
OPERATORAZS;19.01.2021 15:53:38;3;0;00000001777555604173;300;22;220,17;5000;22,71;42,45;964,04;0;5;5;1;;;;;23,9;False
OPERATORAZS;19.01.2021 15:56:20;7;0;00000001777555604173;300;92;24,3;1000;41,16;24,3;1000,19;0;7;4;1;;;;;42;False
OPERATORAZS;19.01.2021 16:01:11;7;0;;0;92;4,76;200;42;4,77;200;0;6;4;1;;;;;42;False
OPERATORAZS;19.01.2021 16:05:52;3;0;00000001777555604012;300;22;41,84;1000;22,71;33,27;755,56;0;5;5;1;;;;;23,9;True
OPERATORAZS;19.01.2021 16:06:05;7;0;00000001777555547401;300;92;24,3;1000;41,16;24,3;1000,19;0;7;4;1;;;;;42;False
OPERATORAZS;19.01.2021 16:10:59;3;0;00000000777555524013;300;22;0;0;23,18;19,12;443,2;1;12;5;1;;;;;23,9;True
OPERATORAZS;19.01.2021 16:11:06;4;0;00000001777555604074;300;22;41,84;1000;22,71;41,54;943,37;0;5;5;1;;;;;23,9;True
OPERATORAZS;19.01.2021 16:12:07;7;0;00000001777555585830;300;92;12,03;500;41,58;12,03;500,21;1;12;4;1;;;;;42;False
