23;22;0;0;1012292,27000001;1904958,98;True;;;;;29.07.2020;;;;;;;;30.12.1899;
42;22;0;0;475985,450000001;2742225,07;True;;;;;29.07.2020;;;;;;;;30.12.1899;
76;22;0;0;62044,6599999999;418182,53;True;;;;;05.03.2018;;;;;;;;30.12.1899;
75;22;0;0;6318,93;84073,96;True;;;;;14.07.2020;;;;;;;;30.12.1899;
80;22;0;0;8636,16;94949,4;True;;;;;12.02.2020;;;;;;;;30.12.1899;
81;22;0;0;1224,41;12632,15;True;;;;;22.11.2017;;;;;;;;30.12.1899;
45;22;0;0;17632,71;39000,94;True;;;;;12.11.2020;;;;;;;;30.12.1899;
82;22;0;0;7411,29;41060,54;True;;;;;26.07.2020;;;;;;;;30.12.1899;
83;22;0;0;3219,37;6103,59;True;;;;;07.10.2018;;;;;;;;30.12.1899;
93;22;0;0;19554,6;19554,6;True;;;;;20.06.2018;;;;;;;;30.12.1899;
66;22;0;0;37,81;664,07;True;;;;;09.01.2020;;;;;;;;30.12.1899;
91;22;0;0;888,55;888,55;True;;;;;12.09.2018;;;;;;;;30.12.1899;
84;22;0;0;2266,47;2266,47;True;;;;;29.07.2020;;;;;;;;30.12.1899;
42;92;0;0;23837,04;26493,61;True;;;;;13.07.2020;;;;;;;;30.12.1899;
45;92;0;0;714,54;1731,09;True;;;;;10.12.2020;;;;;;;;30.12.1899;
34;22;0;0;5404,89;5404,89;True;;;;;29.07.2020;;;;;;;;30.12.1899;
76;92;0;0;20;20;True;;;;;07.02.2018;;;;;;;;30.12.1899;
93;92;0;0;1172,1;1172,1;True;;;;;21.01.2021;;;;;;;;30.12.1899;
23;92;0;0;7617,33;7617,33;True;;;;;28.07.2020;;;;;;;;30.12.1899;
94;22;0;0;57437,53;57437,53;True;;;;;28.07.2020;;;;;;;;30.12.1899;
36;22;0;0;105790,52;105790,52;True;;;;;29.07.2020;;;;;;;;30.12.1899;
33;22;0;0;21450,82;22264,4;True;;;;;23.07.2020;;;;;;;;30.12.1899;
96;22;0;0;9496,09;9496,09;True;;;;;03.09.2018;;;;;;;;30.12.1899;
8;22;0;0;3560,64;3560,64;True;;;;;06.07.2020;;;;;;;;30.12.1899;
45;50;0;0;969,21;969,21;True;;;;;01.03.2019;;;;;;;;30.12.1899;
75;92;0;0;55;55;True;;;;;15.06.2020;;;;;;;;30.12.1899;
45;95;0;0;-422;-422;True;;;;;25.01.2021;;;;;;;;30.12.1899;
5;22;0;0;688,61;688,61;True;;;;;13.11.2019;;;;;;;;30.12.1899;
5;92;0;0;303,11;303,11;True;;;;;26.01.2021;;;;;;;;30.12.1899;
95;22;0;0;966,99;966,99;True;;;;;29.05.2020;;;;;;;;30.12.1899;
88;92;0;0;445,41;445,41;True;;;;;20.11.2020;;;;;;;;30.12.1899;
67;92;0;0;2015,76;2015,76;True;;;;;28.07.2020;;;;;;;;30.12.1899;
23;95;0;0;50;50;True;;;;;05.07.2018;;;;;;;;30.12.1899;
99;22;0;0;1932,15;1932,15;True;;;;;09.02.2019;;;;;;;;30.12.1899;
36;92;0;0;150;150;True;;;;;01.06.2020;;;;;;;;30.12.1899;
67;22;0;0;158,11;158,11;True;;;;;17.02.2020;;;;;;;;30.12.1899;
94;92;0;0;40;40;True;;;;;04.08.2018;;;;;;;;30.12.1899;
67;50;0;0;15105;33165;True;;;;;22.05.2020;;;;;;;;30.12.1899;
36;50;0;0;130;3910;True;;;;;09.12.2020;;;;;;;;30.12.1899;
33;92;0;0;420;420;True;;;;;07.02.2019;;;;;;;;30.12.1899;
35;92;0;0;6855,29;6855,29;True;;;;;29.07.2020;;;;;;;;30.12.1899;
35;22;0;0;7200,44;7200,44;True;;;;;24.07.2020;;;;;;;;30.12.1899;
102;92;0;0;2443,41;2443,41;True;;;;;20.09.2019;;;;;;;;30.12.1899;
34;92;0;0;594,67;594,67;True;;;;;26.04.2019;;;;;;;;30.12.1899;
35;50;0;0;1407,39;1407,39;True;;;;;05.06.2020;;;;;;;;30.12.1899;
102;50;0;0;1444,97;1444,97;True;;;;;03.05.2019;;;;;;;;30.12.1899;
82;92;0;0;236,36;236,36;True;;;;;28.07.2020;;;;;;;;30.12.1899;
40;22;0;0;224,98;224,98;True;;;;;13.07.2020;;;;;;;;30.12.1899;
101;22;0;0;185,68;185,68;True;;;;;25.05.2019;;;;;;;;30.12.1899;
102;95;0;0;20;20;True;;;;;10.04.2019;;;;;;;;30.12.1899;
102;22;0;0;61,81;61,81;True;;;;;30.04.2019;;;;;;;;30.12.1899;
103;22;0;0;344,17;344,17;True;;;;;05.06.2019;;;;;;;;30.12.1899;
3;92;0;0;9922,14;401806,62;True;;;;;19.01.2021;;;;;;;;30.12.1899;
3;22;0;0;10047,87;215276,14;True;;;;;25.01.2021;;;;;;;;30.12.1899;
3;50;0;0;1365;60260;True;;;;;28.04.2020;;;;;;;;30.12.1899;
95;50;0;0;250;250;True;;;;;27.08.2019;;;;;;;;30.12.1899;
39;50;0;0;400;400;True;;;;;28.06.2019;;;;;;;;30.12.1899;
104;22;0;0;1659,93;1659,93;True;;;;;24.07.2020;;;;;;;;30.12.1899;
104;50;0;0;7194,54;7194,54;True;;;;;11.02.2020;;;;;;;;30.12.1899;
104;92;0;0;269;269;True;;;;;01.06.2020;;;;;;;;30.12.1899;
90;22;0;0;939,96;939,96;True;;;;;29.12.2020;;;;;;;;30.12.1899;
75;50;0;0;11750,45;11750,45;True;;;;;02.03.2020;;;;;;;;30.12.1899;
47;92;0;0;951,01;951,01;True;;;;;31.07.2020;;;;;;;;30.12.1899;
47;22;0;0;53674,86;53674,86;True;;;;;29.07.2020;;;;;;;;30.12.1899;
46;95;0;0;1276,04;1276,04;True;;;;;17.07.2020;;;;;;;;30.12.1899;
84;50;0;0;220;220;True;;;;;06.11.2019;;;;;;;;30.12.1899;
104;95;0;0;335,32;335,32;True;;;;;21.07.2020;;;;;;;;30.12.1899;
67;95;0;0;40;40;True;;;;;08.10.2019;;;;;;;;30.12.1899;
82;95;0;0;45,68;45,68;True;;;;;10.02.2020;;;;;;;;30.12.1899;
91;92;0;0;12,22;499,8;True;;;;;22.11.2019;;;;;;;;30.12.1899;
50;92;0;0;10;10;True;;;;;09.12.2019;;;;;;;;30.12.1899;
66;92;0;0;1845,24;2427,24;True;;;;;29.07.2020;;;;;;;;30.12.1899;
59;22;0;0;2226,66;2226,66;True;;;;;05.12.2020;;;;;;;;30.12.1899;
106;22;0;0;30;30;True;;;;;21.01.2020;;;;;;;;30.12.1899;
106;92;0;0;731,29;731,29;True;;;;;21.12.2020;;;;;;;;30.12.1899;
50;22;0;0;20;20;True;;;;;03.03.2020;;;;;;;;30.12.1899;
109;92;0;0;220;220;True;;;;;20.07.2020;;;;;;;;30.12.1899;
66;95;0;0;353,43;3489,43;True;;;;;27.08.2020;;;;;;;;30.12.1899;
66;50;0;0;519,14;519,14;True;;;;;26.07.2020;;;;;;;;30.12.1899;
108;92;0;0;2386,38;2386,38;True;;;;;26.01.2021;;;;;;;;30.12.1899;
79;92;0;0;880;880;True;;;;;25.12.2020;;;;;;;;30.12.1899;
112;92;0;0;2645;2645;True;;;;;31.12.2020;;;;;;;;30.12.1899;
78;92;0;0;3495,55;3495,55;True;;;;;26.01.2021;;;;;;;;30.12.1899;
111;92;0;0;2046,53;2046,53;True;;;;;26.01.2021;;;;;;;;30.12.1899;
110;92;0;0;200;200;True;;;;;24.07.2020;;;;;;;;30.12.1899;
113;92;0;0;23;23;True;;;;;23.03.2020;;;;;;;;30.12.1899;
46;92;0;0;140;140;True;;;;;09.07.2020;;;;;;;;30.12.1899;
46;22;0;0;337,16;337,16;True;;;;;17.07.2020;;;;;;;;30.12.1899;
12;22;0;0;1849,04;1849,04;True;;;;;21.01.2021;;;;;;;;30.12.1899;
85;92;0;0;1175;1175;True;;;;;16.12.2020;;;;;;;;30.12.1899;
115;22;0;0;538,32;538,32;True;;;;;19.01.2021;;;;;;;;30.12.1899;
98;92;0;0;23,59;943,6;True;;;;;29.04.2020;;;;;;;;30.12.1899;
51;92;0;0;1220;1220;True;;;;;26.01.2021;;;;;;;;30.12.1899;
114;92;0;0;105;105;True;;;;;28.07.2020;;;;;;;;30.12.1899;
71;22;0;0;611,25;611,25;True;;;;;22.07.2020;;;;;;;;30.12.1899;
116;92;0;0;141,27;141,27;True;;;;;16.06.2020;;;;;;;;30.12.1899;
107;92;0;0;1255;1255;True;;;;;25.01.2021;;;;;;;;30.12.1899;
117;22;0;0;206,76;206,76;True;;;;;13.08.2020;;;;;;;;30.12.1899;
105;92;0;0;1426,2;1426,2;True;;;;;12.01.2021;;;;;;;;30.12.1899;
2;22;0;0;250,54;250,54;True;;;;;07.09.2020;;;;;;;;30.12.1899;
71;92;0;0;20;20;True;;;;;22.07.2020;;;;;;;;30.12.1899;
105;22;0;0;6400,77;6400,77;True;;;;;24.01.2021;;;;;;;;30.12.1899;
44;92;0;0;85;85;True;;;;;09.09.2020;;;;;;;;30.12.1899;
6;22;0;0;221520,47;221520,47;True;;;;;06.01.2021;;;;;;;;30.12.1899;
44;22;0;0;8410,71;8410,71;True;;;;;14.09.2020;;;;;;;;30.12.1899;
24;22;0;0;1094,69;1094,69;True;;;;;11.12.2020;;;;;;;;30.12.1899;
9;22;0;0;36444,93;41083,08;True;;;;;30.12.2020;;;;;;;;30.12.1899;
65;22;0;0;1553,86;1553,86;True;;;;;31.12.2020;;;;;;;;30.12.1899;
64;22;0;0;774;774;True;;;;;18.12.2020;;;;;;;;30.12.1899;
43;22;0;0;894,24;894,24;True;;;;;16.01.2021;;;;;;;;30.12.1899;
43;50;0;0;7441,42;7441,42;True;;;;;05.10.2020;;;;;;;;30.12.1899;
21;92;0;0;4245,91;4245,91;True;;;;;26.01.2021;;;;;;;;30.12.1899;
43;95;0;0;790,88;790,88;True;;;;;26.01.2021;;;;;;;;30.12.1899;
52;92;0;0;360;360;True;;;;;21.01.2021;;;;;;;;30.12.1899;
26;22;0;0;22086,04;22086,04;True;;;;;21.01.2021;;;;;;;;30.12.1899;
27;22;0;0;236,2;236,2;True;;;;;31.12.2020;;;;;;;;30.12.1899;
37;22;0;0;2042,58;2042,58;True;;;;;18.01.2021;;;;;;;;30.12.1899;
37;92;0;0;2200,26;2200,26;True;;;;;23.01.2021;;;;;;;;30.12.1899;
54;92;0;0;10;10;True;;;;;31.07.2020;;;;;;;;30.12.1899;
21;95;0;0;939,22;939,22;True;;;;;19.01.2021;;;;;;;;30.12.1899;
21;50;0;0;875,52;875,52;True;;;;;25.01.2021;;;;;;;;30.12.1899;
28;22;0;0;9616,02;9616,02;True;;;;;09.01.2021;;;;;;;;30.12.1899;
10;22;0;0;1814,6;1814,6;True;;;;;04.01.2021;;;;;;;;30.12.1899;
6;92;0;0;914,35;914,35;True;;;;;21.12.2020;;;;;;;;30.12.1899;
12;92;0;0;75;75;True;;;;;19.01.2021;;;;;;;;30.12.1899;
9;92;0;0;73,75;73,75;True;;;;;06.12.2020;;;;;;;;30.12.1899;
18;92;0;0;946,77;946,77;True;;;;;23.01.2021;;;;;;;;30.12.1899;
43;92;0;0;122;122;True;;;;;16.01.2021;;;;;;;;30.12.1899;
61;22;0;0;2913,37;2913,37;True;;;;;20.01.2021;;;;;;;;30.12.1899;
58;92;0;0;205;205;True;;;;;14.10.2020;;;;;;;;30.12.1899;
111;22;0;0;20,69;20,69;True;;;;;18.08.2020;;;;;;;;30.12.1899;
10;92;0;0;188,3;188,3;True;;;;;22.01.2021;;;;;;;;30.12.1899;
62;22;0;0;263,76;263,76;True;;;;;09.12.2020;;;;;;;;30.12.1899;
61;92;0;0;321,14;321,14;True;;;;;20.01.2021;;;;;;;;30.12.1899;
56;22;0;0;56,94;56,94;True;;;;;26.08.2020;;;;;;;;30.12.1899;
73;22;0;0;99;99;True;;;;;31.08.2020;;;;;;;;30.12.1899;
62;92;0;0;148,53;148,53;True;;;;;03.12.2020;;;;;;;;30.12.1899;
120;22;0;0;557,72;557,72;True;;;;;25.10.2020;;;;;;;;30.12.1899;
121;22;0;0;60;60;True;;;;;17.09.2020;;;;;;;;30.12.1899;
120;95;0;0;25;25;True;;;;;26.09.2020;;;;;;;;30.12.1899;
120;92;0;0;15;15;True;;;;;01.10.2020;;;;;;;;30.12.1899;
105;95;0;0;70;70;True;;;;;12.12.2020;;;;;;;;30.12.1899;
98;22;0;0;37,15;921,32;True;;;;;23.10.2020;;;;;;;;30.12.1899;
18;50;0;0;5770;5770;True;;;;;26.01.2021;;;;;;;;30.12.1899;
25;22;0;0;341,78;341,78;True;;;;;09.12.2020;;;;;;;;30.12.1899;
2;92;0;0;403;403;True;;;;;21.01.2021;;;;;;;;30.12.1899;
37;50;0;0;60;60;True;;;;;16.12.2020;;;;;;;;30.12.1899;
1;50;0;0;72;3096;True;;;;;18.12.2020;;;;;;;;30.12.1899;
118;22;0;0;114,44;114,44;True;;;;;18.12.2020;;;;;;;;30.12.1899;
39;22;0;0;60;60;True;;;;;21.01.2021;;;;;;;;30.12.1899;
