1287;22;1;27.01.2021 8:05:59;28.01.2021 8:12:11;0;51,5;1225,7;27,81;0,54
1287;22;2;27.01.2021 8:05:59;28.01.2021 8:12:11;1;94,82;2256,72;51,2;0,54
1287;22;3;27.01.2021 8:05:59;28.01.2021 8:12:11;1;50,41;1199,76;27,22;0,54
1287;22;5;27.01.2021 8:05:59;28.01.2021 8:12:11;0;918,5;20546,87;495,99;0,54
1287;22;8;27.01.2021 8:05:59;28.01.2021 8:12:11;1;35,14;35,14;18,98;0,54
1287;22;11;27.01.2021 8:05:59;28.01.2021 8:12:11;1;79,75;1898,05;43,07;0,54
1287;22;12;27.01.2021 8:05:59;28.01.2021 8:12:11;1;196,46;4489,12;106,09;0,54
1287;22;14;27.01.2021 8:05:59;28.01.2021 8:12:11;0;138,31;3060,8;74,69;0,54
1287;22;15;27.01.2021 8:05:59;28.01.2021 8:12:11;1;254,91;6066,85;137,65;0,54
1287;50;2;27.01.2021 8:05:59;28.01.2021 8:12:11;1;46,51;1999,93;34,42;0,74
1287;50;15;27.01.2021 8:05:59;28.01.2021 8:12:11;1;100;4300;74;0,74
1287;92;1;27.01.2021 8:05:59;28.01.2021 8:12:11;0;37,64;1599,7;27,85;0,74
1287;92;2;27.01.2021 8:05:59;28.01.2021 8:12:11;1;175,86;7474,07;130,14;0,74
1287;92;3;27.01.2021 8:05:59;28.01.2021 8:12:11;1;100;4250;74;0,74
1287;92;5;27.01.2021 8:05:59;28.01.2021 8:12:11;0;103,89;4327,02;76,88;0,74
1287;92;6;27.01.2021 8:05:59;28.01.2021 8:12:11;0;104,62;4446,36;77,42;0,74
1287;92;7;27.01.2021 8:05:59;28.01.2021 8:12:11;0;109,71;4569,42;81,19;0,74
1287;92;8;27.01.2021 8:05:59;28.01.2021 8:12:11;1;155;155;114,7;0,74
1287;92;9;27.01.2021 8:05:59;28.01.2021 8:12:11;1;60;2550;44,4;0,74
1287;92;12;27.01.2021 8:05:59;28.01.2021 8:12:11;1;26,88;1131,11;19,89;0,74
1287;92;15;27.01.2021 8:05:59;28.01.2021 8:12:11;1;150;6375;111;0,74
1287;95;2;27.01.2021 8:05:59;28.01.2021 8:12:11;1;17,39;799,94;12,87;0,74
1287;95;5;27.01.2021 8:05:59;28.01.2021 8:12:11;0;32,16;1449,77;23,8;0,74
1287;95;7;27.01.2021 8:05:59;28.01.2021 8:12:11;0;11,09;499,94;8,21;0,74
1287;95;15;27.01.2021 8:05:59;28.01.2021 8:12:11;1;20;920;14,8;0,74
