1280;95;2;0;17.01.2021 7:32:50;18.01.2021 7:30:17;868;;;792,35;;;;;0;0;0
1280;95;2;1;17.01.2021 7:32:50;18.01.2021 7:30:17;3355;0;386,47;2968,53;2968,53;0;0;0;0;;0
1280;92;4;0;17.01.2021 7:32:50;18.01.2021 7:30:17;1378;;;1239,6;;;;;0;0;0
1280;92;4;1;17.01.2021 7:32:50;18.01.2021 7:30:17;16397,2;0;1973,82;14423,38;14423,38;0;0;0;0;;0
1280;60;1;0;17.01.2021 7:32:50;18.01.2021 7:30:17;1443;;;1390,43;;;;;0;0;0
1280;60;1;1;17.01.2021 7:32:50;18.01.2021 7:30:17;9976,7;0;412,41;9564,29;9564,29;0;0;0;0;;0
1280;50;3;0;17.01.2021 7:32:50;18.01.2021 7:30:17;2110;;;2110;;;;;0;0;0
1280;50;3;1;17.01.2021 7:32:50;18.01.2021 7:30:17;9634;0;0;9634;9634;0;0;0;0;;0
1280;22;5;0;17.01.2021 7:32:50;18.01.2021 7:30:17;469,65;;;411,9;;;;;0;0;0
1280;22;5;1;17.01.2021 7:32:50;18.01.2021 7:30:17;9393;0;1115,16;8238;8277,84;-39,8400000000001;0;0;0;;0
